1 min para execução de cada comportamento - 500 maxLevel

Stop - Start: [ 255.0  243.0  243.0  239.0  239.0  239.0  0.0  0.0  0.0  0.0  0.0 ]
Stop - Stop: [ 255.0  235.0  235.0  230.0  230.0  229.0  0.0  0.0  0.0  0.0  0.0 ]
Resultado 0.0 [ 0.0  8.0  8.0  9.0  9.0  10.0  0.0  0.0  0.0  0.0  0.0 ] 
Stop - Result: [ 0.0  8.0  8.0  9.0  9.0  10.0  0.0  0.0  0.0  0.0  0.0 ]
Metrics stop!
Fim behavior 0


Stop - Start: [ 255.0  231.0  226.0  225.0  225.0  224.0  0.0  0.0  0.0  0.0  0.0 ]
Stop - Stop: [ 255.0  223.0  218.0  216.0  216.0  214.0  0.0  0.0  0.0  0.0  0.0 ]
Stop - Result: [ 0.0  8.0  8.0  9.0  9.0  10.0  0.0  0.0  0.0  0.0  0.0 ]
Resultado 1.0 [ 0.0  8.0  8.0  9.0  9.0  10.0  0.0  0.0  0.0  0.0  0.0 ] 
Fim behavior 1

Stop - Start: [ 255.0  219.0  214.0  211.0  211.0  209.0  0.0  0.0  0.0  0.0  0.0 ]
Stop - Stop: [ 255.0  211.0  206.0  203.0  203.0  200.0  0.0  0.0  0.0  0.0  0.0 ]
Stop - Result: [ 0.0  8.0  8.0  8.0  8.0  9.0  0.0  0.0  0.0  0.0  0.0 ]
Resultado 2.0 [ 0.0  8.0  8.0  8.0  8.0  9.0  0.0  0.0  0.0  0.0  0.0 ] 
Fim behavior 2

Melhor Comportamento: 2

2 ------------------- 

Stop - Start: [ 255.0  243.0  239.0  238.0  239.0  239.0  0.0  0.0  0.0  0.0  0.0 ]
Stop - Stop: [ 255.0  235.0  235.0  230.0  230.0  229.0  0.0  0.0  0.0  0.0  0.0 ]
Stop - Result: [ 0.0  8.0  4.0  8.0  9.0  10.0  0.0  0.0  0.0  0.0  0.0 ]
Resultado 0.0 [ 0.0  8.0  4.0  8.0  9.0  10.0  0.0  0.0  0.0  0.0  0.0 ] 
Metrics stop!
Fim behavior 0

Stop - Start: [ 255.0  231.0  226.0  225.0  225.0  224.0  0.0  0.0  0.0  0.0  0.0 ]
Stop - Stop: [ 255.0  223.0  218.0  216.0  216.0  214.0  0.0  0.0  0.0  0.0  0.0 ]
Stop - Result: [ 0.0  8.0  8.0  9.0  9.0  10.0  0.0  0.0  0.0  0.0  0.0 ]
Resultado 1.0 [ 0.0  8.0  8.0  9.0  9.0  10.0  0.0  0.0  0.0  0.0  0.0 ] 
Fim behavior 1

Stop - Start: [ 255.0  219.0  214.0  211.0  211.0  209.0  0.0  0.0  0.0  0.0  0.0 ]
Stop - Stop: [ 255.0  211.0  206.0  203.0  203.0  200.0  0.0  0.0  0.0  0.0  0.0 ]
Stop - Result: [ 0.0  8.0  8.0  8.0  8.0  9.0  0.0  0.0  0.0  0.0  0.0 ]
Resultado 2.0 [ 0.0  8.0  8.0  8.0  8.0  9.0  0.0  0.0  0.0  0.0  0.0 ] 
Fim behavior 2

Melhor Comportamento: 0
3 ----------------------

Start - Result: [ 0.0  0.0  0.0  0.0  0.0  0.0  0.0  0.0  0.0  0.0  0.0 ]
Stop - Start: [ 255.0  243.0  239.0  239.0  239.0  239.0  0.0  0.0  0.0  0.0  0.0 ]
Stop - Stop: [ 255.0  235.0  231.0  230.0  230.0  229.0  0.0  0.0  0.0  0.0  0.0 ]
Stop - Result: [ 0.0  8.0  8.0  9.0  9.0  10.0  0.0  0.0  0.0  0.0  0.0 ]
Resultado 0.0 [ 0.0  8.0  8.0  9.0  9.0  10.0  0.0  0.0  0.0  0.0  0.0 ] 
Fim behavior 0

Stop - Start: [ 255.0  231.0  227.0  225.0  225.0  224.0  0.0  0.0  0.0  0.0  0.0 ]
Stop - Stop: [ 255.0  223.0  219.0  216.0  216.0  214.0  0.0  0.0  0.0  0.0  0.0 ]
Stop - Result: [ 0.0  8.0  8.0  9.0  9.0  10.0  0.0  0.0  0.0  0.0  0.0 ]
Resultado 1.0 [ 0.0  8.0  8.0  9.0  9.0  10.0  0.0  0.0  0.0  0.0  0.0 ] 
Fim behavior 1

Stop - Start: [ 255.0  219.0  215.0  211.0  212.0  209.0  0.0  0.0  0.0  0.0  0.0 ]
Stop - Stop: [ 255.0  211.0  207.0  204.0  204.0  200.0  0.0  0.0  0.0  0.0  0.0 ]
Stop - Result: [ 0.0  8.0  8.0  7.0  8.0  9.0  0.0  0.0  0.0  0.0  0.0 ]
Resultado 2.0 [ 0.0  8.0  8.0  7.0  8.0  9.0  0.0  0.0  0.0  0.0  0.0 ] 

Fim behavior 2

Melhor Comportamento: 2
4 -----------------------

Stop - Start: [ 255.0  243.0  243.0  239.0  239.0  239.0  0.0  0.0  0.0  0.0  0.0 ]
Stop - Stop: [ 255.0  235.0  235.0  230.0  230.0  229.0  0.0  0.0  0.0  0.0  0.0 ]
Stop - Result: [ 0.0  8.0  8.0  9.0  9.0  10.0  0.0  0.0  0.0  0.0  0.0 ]
Resultado 0.0 [ 0.0  8.0  8.0  9.0  9.0  10.0  0.0  0.0  0.0  0.0  0.0 ] 
Metrics stop!
Fim behavior 0

Stop - Start: [ 255.0  231.0  227.0  225.0  225.0  224.0  0.0  0.0  0.0  0.0  0.0 ]
Stop - Stop: [ 255.0  223.0  219.0  216.0  216.0  214.0  0.0  0.0  0.0  0.0  0.0 ]
Stop - Result: [ 0.0  8.0  8.0  9.0  9.0  10.0  0.0  0.0  0.0  0.0  0.0 ]
Resultado 1.0 [ 0.0  8.0  8.0  9.0  9.0  10.0  0.0  0.0  0.0  0.0  0.0 ] 
Fim behavior 1

Stop - Start: [ 255.0  218.0  215.0  212.0  211.0  209.0  0.0  0.0  0.0  0.0  0.0 ]
Stop - Stop: [ 255.0  211.0  207.0  204.0  203.0  200.0  0.0  0.0  0.0  0.0  0.0 ]
Stop - Result: [ 0.0  7.0  8.0  8.0  8.0  9.0  0.0  0.0  0.0  0.0  0.0 ]
Resultado 2.0 [ 0.0  7.0  8.0  8.0  8.0  9.0  0.0  0.0  0.0  0.0  0.0 ] 
Fim behavior 2

Melhor Comportamento: 2

5 ----------------------------
Stop - Start: [ 255.0  243.0  239.0  239.0  239.0  239.0  0.0  0.0  0.0  0.0  0.0 ]
Stop - Stop: [ 255.0  235.0  231.0  230.0  230.0  229.0  0.0  0.0  0.0  0.0  0.0 ]
Stop - Result: [ 0.0  8.0  8.0  9.0  9.0  10.0  0.0  0.0  0.0  0.0  0.0 ]
Resultado 0.0 [ 0.0  8.0  8.0  9.0  9.0  10.0  0.0  0.0  0.0  0.0  0.0 ] 
Fim behavior 0

Start - Result: [ 0.0  0.0  0.0  0.0  0.0  0.0  0.0  0.0  0.0  0.0  0.0 ]
Stop - Start: [ 255.0  231.0  227.0  225.0  225.0  224.0  0.0  0.0  0.0  0.0  0.0 ]
Stop - Stop: [ 255.0  223.0  219.0  216.0  216.0  214.0  0.0  0.0  0.0  0.0  0.0 ]
Stop - Result: [ 0.0  8.0  8.0  9.0  9.0  10.0  0.0  0.0  0.0  0.0  0.0 ]
Resultado 1.0 [ 0.0  8.0  8.0  9.0  9.0  10.0  0.0  0.0  0.0  0.0  0.0 ] 
Fim behavior 1

Stop - Start: [ 255.0  219.0  215.0  212.0  212.0  209.0  0.0  0.0  0.0  0.0  0.0 ]
Stop - Stop: [ 255.0  211.0  207.0  204.0  203.0  200.0  0.0  0.0  0.0  0.0  0.0 ]
Stop - Result: [ 0.0  8.0  8.0  8.0  9.0  9.0  0.0  0.0  0.0  0.0  0.0 ]
Resultado 2.0 [ 0.0  8.0  8.0  8.0  9.0  9.0  0.0  0.0  0.0  0.0  0.0 ] 
Fim behavior 2

Melhor Comportamento: 2
6 ------------------------
Stop - Start: [ 255.0  243.0  243.0  243.0  243.0  243.0  0.0  0.0  0.0  0.0  0.0 ]
Stop - Stop: [ 255.0  234.0  235.0  234.0  234.0  233.0  0.0  0.0  0.0  0.0  0.0 ]
Stop - Result: [ 0.0  9.0  8.0  9.0  9.0  10.0  0.0  0.0  0.0  0.0  0.0 ]
Resultado 0.0 [ 0.0  9.0  8.0  9.0  9.0  10.0  0.0  0.0  0.0  0.0  0.0 ] 
Metrics stop!
Fim behavior 0

Stop - Start: [ 255.0  230.0  231.0  229.0  225.0  223.0  0.0  0.0  0.0  0.0  0.0 ]
Stop - Stop: [ 255.0  222.0  223.0  220.0  221.0  213.0  0.0  0.0  0.0  0.0  0.0 ]
Stop - Result: [ 0.0  8.0  8.0  9.0  4.0  10.0  0.0  0.0  0.0  0.0  0.0 ]
Resultado 1.0 [ 0.0  8.0  8.0  9.0  4.0  10.0  0.0  0.0  0.0  0.0  0.0 ] 
Metrics stop!
Fim behavior 1

Stop - Start: [ 255.0  214.0  219.0  216.0  212.0  208.0  0.0  0.0  0.0  0.0  0.0 ]
Stop - Stop: [ 255.0  210.0  211.0  208.0  204.0  200.0  0.0  0.0  0.0  0.0  0.0 ]
Stop - Result: [ 0.0  4.0  8.0  8.0  8.0  8.0  0.0  0.0  0.0  0.0  0.0 ]
Resultado 2.0 [ 0.0  4.0  8.0  8.0  8.0  8.0  0.0  0.0  0.0  0.0  0.0 ] 
Fim behavior 2

Melhor Comportamento: 2

7 -----------------------

Stop - Start: [ 255.0  243.0  243.0  239.0  239.0  239.0  0.0  0.0  0.0  0.0  0.0 ]
Stop - Stop: [ 255.0  235.0  234.0  230.0  230.0  229.0  0.0  0.0  0.0  0.0  0.0 ]
Stop - Result: [ 0.0  8.0  9.0  9.0  9.0  10.0  0.0  0.0  0.0  0.0  0.0 ]
Resultado 0.0 [ 0.0  8.0  9.0  9.0  9.0  10.0  0.0  0.0  0.0  0.0  0.0 ] 
Metrics stop!
Fim behavior 0

Stop - Start: [ 255.0  231.0  226.0  225.0  225.0  224.0  0.0  0.0  0.0  0.0  0.0 ]
Stop - Stop: [ 255.0  223.0  218.0  216.0  216.0  214.0  0.0  0.0  0.0  0.0  0.0 ]
Stop - Result: [ 0.0  8.0  8.0  9.0  9.0  10.0  0.0  0.0  0.0  0.0  0.0 ]
Resultado 1.0 [ 0.0  8.0  8.0  9.0  9.0  10.0  0.0  0.0  0.0  0.0  0.0 ] 
Fim behavior 1

Stop - Start: [ 255.0  219.0  214.0  212.0  211.0  209.0  0.0  0.0  0.0  0.0  0.0 ]
Stop - Stop: [ 255.0  211.0  206.0  204.0  203.0  201.0  0.0  0.0  0.0  0.0  0.0 ]
Stop - Result: [ 0.0  8.0  8.0  8.0  8.0  8.0  0.0  0.0  0.0  0.0  0.0 ]
Resultado 2.0 [ 0.0  8.0  8.0  8.0  8.0  8.0  0.0  0.0  0.0  0.0  0.0 ] 
Fim behavior 2

Melhor Comportamento: 2

8---------------------------------
Stop - Start: [ 255.0  243.0  243.0  239.0  239.0  239.0  0.0  0.0  0.0  0.0  0.0 ]
Stop - Stop: [ 255.0  235.0  234.0  230.0  230.0  229.0  0.0  0.0  0.0  0.0  0.0 ]
Stop - Result: [ 0.0  8.0  9.0  9.0  9.0  10.0  0.0  0.0  0.0  0.0  0.0 ]
Resultado 0.0 [ 0.0  8.0  9.0  9.0  9.0  10.0  0.0  0.0  0.0  0.0  0.0 ] 
Metrics stop!
Fim behavior 0

Stop - Start: [ 255.0  231.0  226.0  225.0  225.0  224.0  0.0  0.0  0.0  0.0  0.0 ]
Stop - Stop: [ 255.0  223.0  218.0  216.0  216.0  214.0  0.0  0.0  0.0  0.0  0.0 ]
Stop - Result: [ 0.0  8.0  8.0  9.0  9.0  10.0  0.0  0.0  0.0  0.0  0.0 ]
Resultado 1.0 [ 0.0  8.0  8.0  9.0  9.0  10.0  0.0  0.0  0.0  0.0  0.0 ] 
Fim behavior 1

Stop - Start: [ 255.0  219.0  214.0  211.0  212.0  209.0  0.0  0.0  0.0  0.0  0.0 ]
Stop - Stop: [ 255.0  211.0  206.0  203.0  203.0  200.0  0.0  0.0  0.0  0.0  0.0 ]
Stop - Result: [ 0.0  8.0  8.0  8.0  9.0  9.0  0.0  0.0  0.0  0.0  0.0 ]
Resultado 2.0 [ 0.0  8.0  8.0  8.0  9.0  9.0  0.0  0.0  0.0  0.0  0.0 ] 
Fim behavior 2

Melhor Comportamento: 2
9-----------------------

Stop - Start: [ 255.0  243.0  243.0  239.0  239.0  239.0  0.0  0.0  0.0  0.0  0.0 ]
Stop - Stop: [ 255.0  235.0  235.0  230.0  230.0  229.0  0.0  0.0  0.0  0.0  0.0 ]
Stop - Result: [ 0.0  8.0  8.0  9.0  9.0  10.0  0.0  0.0  0.0  0.0  0.0 ]
Resultado 0.0 [ 0.0  8.0  8.0  9.0  9.0  10.0  0.0  0.0  0.0  0.0  0.0 ] 
Metrics stop!
Fim behavior 0

Stop - Start: [ 255.0  231.0  227.0  225.0  225.0  224.0  0.0  0.0  0.0  0.0  0.0 ]
Stop - Stop: [ 255.0  223.0  219.0  216.0  216.0  214.0  0.0  0.0  0.0  0.0  0.0 ]
Stop - Result: [ 0.0  8.0  8.0  9.0  9.0  10.0  0.0  0.0  0.0  0.0  0.0 ]
Resultado 1.0 [ 0.0  8.0  8.0  9.0  9.0  10.0  0.0  0.0  0.0  0.0  0.0 ] 
Fim behavior 1

Stop - Start: [ 255.0  218.0  215.0  212.0  211.0  209.0  0.0  0.0  0.0  0.0  0.0 ]
Stop - Stop: [ 255.0  211.0  207.0  204.0  203.0  201.0  0.0  0.0  0.0  0.0  0.0 ]
Stop - Result: [ 0.0  7.0  8.0  8.0  8.0  8.0  0.0  0.0  0.0  0.0  0.0 ]
Resultado 2.0 [ 0.0  7.0  8.0  8.0  8.0  8.0  0.0  0.0  0.0  0.0  0.0 ] 
Fim behavior 2

Melhor Comportamento: 2

10---------------------------

Stop - Start: [ 255.0  243.0  243.0  243.0  239.0  238.0  0.0  0.0  0.0  0.0  0.0 ]
Stop - Stop: [ 255.0  235.0  235.0  234.0  230.0  229.0  0.0  0.0  0.0  0.0  0.0 ]
Stop - Result: [ 0.0  8.0  8.0  9.0  9.0  9.0  0.0  0.0  0.0  0.0  0.0 ]
Resultado 0.0 [ 0.0  8.0  8.0  9.0  9.0  9.0  0.0  0.0  0.0  0.0  0.0 ] 
Fim behavior 0

Stop - Start: [ 255.0  231.0  231.0  229.0  225.0  223.0  0.0  0.0  0.0  0.0  0.0 ]
Stop - Stop: [ 255.0  223.0  223.0  220.0  216.0  213.0  0.0  0.0  0.0  0.0  0.0 ]
Stop - Result: [ 0.0  8.0  8.0  9.0  9.0  10.0  0.0  0.0  0.0  0.0  0.0 ]
Resultado 1.0 [ 0.0  8.0  8.0  9.0  9.0  10.0  0.0  0.0  0.0  0.0  0.0 ] 
Fim behavior 1

Stop - Start: [ 255.0  219.0  219.0  215.0  212.0  209.0  0.0  0.0  0.0  0.0  0.0 ]
Stop - Stop: [ 255.0  211.0  211.0  207.0  204.0  200.0  0.0  0.0  0.0  0.0  0.0 ]
Stop - Result: [ 0.0  8.0  8.0  8.0  8.0  9.0  0.0  0.0  0.0  0.0  0.0 ]
Resultado 2.0 [ 0.0  8.0  8.0  8.0  8.0  9.0  0.0  0.0  0.0  0.0  0.0 ] 
Fim behavior 2

Melhor Comportamento: 2

11 --------------------------------
Stop - Start: [ 255.0  243.0  239.0  239.0  239.0  239.0  0.0  0.0  0.0  0.0  0.0 ]
Stop - Stop: [ 255.0  235.0  235.0  230.0  230.0  229.0  0.0  0.0  0.0  0.0  0.0 ]
Stop - Result: [ 0.0  8.0  4.0  9.0  9.0  10.0  0.0  0.0  0.0  0.0  0.0 ]
Resultado 0.0 [ 0.0  8.0  4.0  9.0  9.0  10.0  0.0  0.0  0.0  0.0  0.0 ] 
Metrics stop!

Fim behavior 0
Stop - Start: [ 255.0  231.0  222.0  225.0  225.0  224.0  0.0  0.0  0.0  0.0  0.0 ]
Stop - Stop: [ 255.0  223.0  218.0  216.0  216.0  214.0  0.0  0.0  0.0  0.0  0.0 ]
Stop - Result: [ 0.0  8.0  4.0  9.0  9.0  10.0  0.0  0.0  0.0  0.0  0.0 ]
Resultado 1.0 [ 0.0  8.0  4.0  9.0  9.0  10.0  0.0  0.0  0.0  0.0  0.0 ] 
Fim behavior 1

Stop - Start: [ 255.0  219.0  214.0  212.0  211.0  209.0  0.0  0.0  0.0  0.0  0.0 ]
Stop - Stop: [ 255.0  211.0  206.0  204.0  203.0  201.0  0.0  0.0  0.0  0.0  0.0 ]
Stop - Result: [ 0.0  8.0  8.0  8.0  8.0  8.0  0.0  0.0  0.0  0.0  0.0 ]
Resultado 2.0 [ 0.0  8.0  8.0  8.0  8.0  8.0  0.0  0.0  0.0  0.0  0.0 ] 
Fim behavior 2

Melhor Comportamento: 0

12 ---------------------

Stop - Start: [ 255.0  243.0  235.0  239.0  239.0  239.0  0.0  0.0  0.0  0.0  0.0 ]
Stop - Stop: [ 255.0  235.0  230.0  230.0  230.0  229.0  0.0  0.0  0.0  0.0  0.0 ]
Stop - Result: [ 0.0  8.0  5.0  9.0  9.0  10.0  0.0  0.0  0.0  0.0  0.0 ]
Resultado 0.0 [ 0.0  8.0  5.0  9.0  9.0  10.0  0.0  0.0  0.0  0.0  0.0 ] 
Fim behavior 0

Stop - Start: [ 255.0  231.0  226.0  225.0  226.0  224.0  0.0  0.0  0.0  0.0  0.0 ]
Stop - Stop: [ 255.0  223.0  218.0  216.0  217.0  214.0  0.0  0.0  0.0  0.0  0.0 ]
Stop - Result: [ 0.0  8.0  8.0  9.0  9.0  10.0  0.0  0.0  0.0  0.0  0.0 ]
Resultado 1.0 [ 0.0  8.0  8.0  9.0  9.0  10.0  0.0  0.0  0.0  0.0  0.0 ] 
Fim behavior 1

Stop - Start: [ 255.0  219.0  210.0  208.0  212.0  209.0  0.0  0.0  0.0  0.0  0.0 ]
Stop - Stop: [ 255.0  211.0  206.0  204.0  204.0  200.0  0.0  0.0  0.0  0.0  0.0 ]
Stop - Result: [ 0.0  8.0  4.0  4.0  8.0  9.0  0.0  0.0  0.0  0.0  0.0 ]
Resultado 2.0 [ 0.0  8.0  4.0  4.0  8.0  9.0  0.0  0.0  0.0  0.0  0.0 ] 
Fim behavior 2

Melhor Comportamento: 2

13 ----------------------

Stop - Start: [ 255.0  243.0  235.0  239.0  239.0  239.0  0.0  0.0  0.0  0.0  0.0 ]
Stop - Stop: [ 255.0  235.0  230.0  230.0  230.0  229.0  0.0  0.0  0.0  0.0  0.0 ]
Stop - Result: [ 0.0  8.0  5.0  9.0  9.0  10.0  0.0  0.0  0.0  0.0  0.0 ]
Resultado 0.0 [ 0.0  8.0  5.0  9.0  9.0  10.0  0.0  0.0  0.0  0.0  0.0 ] 
Fim behavior 0

Stop - Start: [ 255.0  231.0  226.0  225.0  226.0  224.0  0.0  0.0  0.0  0.0  0.0 ]
Stop - Stop: [ 255.0  223.0  218.0  216.0  217.0  214.0  0.0  0.0  0.0  0.0  0.0 ]
Stop - Result: [ 0.0  8.0  8.0  9.0  9.0  10.0  0.0  0.0  0.0  0.0  0.0 ]
Resultado 1.0 [ 0.0  8.0  8.0  9.0  9.0  10.0  0.0  0.0  0.0  0.0  0.0 ] 
Fim behavior 1

Stop - Start: [ 255.0  219.0  214.0  211.0  212.0  209.0  0.0  0.0  0.0  0.0  0.0 ]
Stop - Stop: [ 255.0  211.0  206.0  204.0  204.0  200.0  0.0  0.0  0.0  0.0  0.0 ]
Stop - Result: [ 0.0  8.0  8.0  7.0  8.0  9.0  0.0  0.0  0.0  0.0  0.0 ]
Resultado 2.0 [ 0.0  8.0  8.0  7.0  8.0  9.0  0.0  0.0  0.0  0.0  0.0 ] 
Fim behavior 2

Melhor Comportamento: 2

14 ---------------------

Stop - Start: [ 255.0  243.0  239.0  239.0  239.0  239.0  0.0  0.0  0.0  0.0  0.0 ]
Stop - Stop: [ 255.0  235.0  235.0  230.0  230.0  229.0  0.0  0.0  0.0  0.0  0.0 ]
Stop - Result: [ 0.0  8.0  4.0  9.0  9.0  10.0  0.0  0.0  0.0  0.0  0.0 ]
Resultado 0.0 [ 0.0  8.0  4.0  9.0  9.0  10.0  0.0  0.0  0.0  0.0  0.0 ] 
Metrics stop!
Fim behavior 0

Stop - Start: [ 255.0  231.0  226.0  225.0  225.0  224.0  0.0  0.0  0.0  0.0  0.0 ]
Stop - Stop: [ 255.0  223.0  218.0  216.0  216.0  214.0  0.0  0.0  0.0  0.0  0.0 ]
Stop - Result: [ 0.0  8.0  8.0  9.0  9.0  10.0  0.0  0.0  0.0  0.0  0.0 ]
Resultado 1.0 [ 0.0  8.0  8.0  9.0  9.0  10.0  0.0  0.0  0.0  0.0  0.0 ] 
Fim behavior 1

Stop - Start: [ 255.0  219.0  214.0  212.0  211.0  209.0  0.0  0.0  0.0  0.0  0.0 ]
Stop - Stop: [ 255.0  211.0  206.0  204.0  203.0  201.0  0.0  0.0  0.0  0.0  0.0 ]
Stop - Result: [ 0.0  8.0  8.0  8.0  8.0  8.0  0.0  0.0  0.0  0.0  0.0 ]
Resultado 2.0 [ 0.0  8.0  8.0  8.0  8.0  8.0  0.0  0.0  0.0  0.0  0.0 ] 
Fim behavior 2

Melhor Comportamento: 0

15 -------------------------
Stop - Start: [ 255.0  243.0  239.0  239.0  239.0  239.0  0.0  0.0  0.0  0.0  0.0 ]
Stop - Stop: [ 255.0  235.0  235.0  230.0  230.0  229.0  0.0  0.0  0.0  0.0  0.0 ]
Stop - Result: [ 0.0  8.0  4.0  9.0  9.0  10.0  0.0  0.0  0.0  0.0  0.0 ]
Resultado 0.0 [ 0.0  8.0  4.0  9.0  9.0  10.0  0.0  0.0  0.0  0.0  0.0 ] 
Metrics stop!
Fim behavior 0

Stop - Start: [ 255.0  231.0  226.0  225.0  225.0  224.0  0.0  0.0  0.0  0.0  0.0 ]
Stop - Stop: [ 255.0  223.0  218.0  216.0  216.0  214.0  0.0  0.0  0.0  0.0  0.0 ]
Stop - Result: [ 0.0  8.0  8.0  9.0  9.0  10.0  0.0  0.0  0.0  0.0  0.0 ]
Resultado 1.0 [ 0.0  8.0  8.0  9.0  9.0  10.0  0.0  0.0  0.0  0.0  0.0 ] 
Fim behavior 1

Stop - Start: [ 255.0  219.0  214.0  212.0  211.0  209.0  0.0  0.0  0.0  0.0  0.0 ]
Stop - Stop: [ 255.0  211.0  206.0  204.0  203.0  200.0  0.0  0.0  0.0  0.0  0.0 ]
Stop - Result: [ 0.0  8.0  8.0  8.0  8.0  9.0  0.0  0.0  0.0  0.0  0.0 ]
Resultado 2.0 [ 0.0  8.0  8.0  8.0  8.0  9.0  0.0  0.0  0.0  0.0  0.0 ] 
Fim behavior 2

Melhor Comportamento: 0

16 -----------------------

Stop - Start: [ 255.0  243.0  243.0  243.0  238.0  239.0  0.0  0.0  0.0  0.0  0.0 ]
Stop - Stop: [ 255.0  234.0  235.0  234.0  230.0  229.0  0.0  0.0  0.0  0.0  0.0 ]
Stop - Result: [ 0.0  9.0  8.0  9.0  8.0  10.0  0.0  0.0  0.0  0.0  0.0 ]
Resultado 0.0 [ 0.0  9.0  8.0  9.0  8.0  10.0  0.0  0.0  0.0  0.0  0.0 ] 
Metrics stop!
Fim behavior 0

Stop - Start: [ 255.0  230.0  227.0  225.0  225.0  224.0  0.0  0.0  0.0  0.0  0.0 ]
Stop - Stop: [ 255.0  222.0  223.0  216.0  216.0  214.0  0.0  0.0  0.0  0.0  0.0 ]
Stop - Result: [ 0.0  8.0  4.0  9.0  9.0  10.0  0.0  0.0  0.0  0.0  0.0 ]
Resultado 1.0 [ 0.0  8.0  4.0  9.0  9.0  10.0  0.0  0.0  0.0  0.0  0.0 ] 
Metrics stop!
Fim behavior 1

Stop - Start: [ 255.0  218.0  214.0  211.0  212.0  209.0  0.0  0.0  0.0  0.0  0.0 ]
Stop - Stop: [ 255.0  210.0  207.0  204.0  203.0  200.0  0.0  0.0  0.0  0.0  0.0 ]
Stop - Result: [ 0.0  8.0  7.0  7.0  9.0  9.0  0.0  0.0  0.0  0.0  0.0 ]
Resultado 2.0 [ 0.0  8.0  7.0  7.0  9.0  9.0  0.0  0.0  0.0  0.0  0.0 ] 
Fim behavior 2

Melhor Comportamento: 1

17 -------------------------
Stop - Start: [ 255.0  243.0  243.0  239.0  239.0  239.0  0.0  0.0  0.0  0.0  0.0 ]
Stop - Stop: [ 255.0  235.0  234.0  230.0  230.0  229.0  0.0  0.0  0.0  0.0  0.0 ]
Stop - Result: [ 0.0  8.0  9.0  9.0  9.0  10.0  0.0  0.0  0.0  0.0  0.0 ]
Resultado 0.0 [ 0.0  8.0  9.0  9.0  9.0  10.0  0.0  0.0  0.0  0.0  0.0 ] 
Metrics stop!
Fim behavior 0

Stop - Start: [ 255.0  231.0  226.0  225.0  225.0  224.0  0.0  0.0  0.0  0.0  0.0 ]
Stop - Stop: [ 255.0  223.0  218.0  216.0  216.0  214.0  0.0  0.0  0.0  0.0  0.0 ]
Stop - Result: [ 0.0  8.0  8.0  9.0  9.0  10.0  0.0  0.0  0.0  0.0  0.0 ]
Resultado 1.0 [ 0.0  8.0  8.0  9.0  9.0  10.0  0.0  0.0  0.0  0.0  0.0 ] 
Fim behavior 1

Stop - Start: [ 255.0  219.0  214.0  211.0  211.0  209.0  0.0  0.0  0.0  0.0  0.0 ]
Stop - Stop: [ 255.0  211.0  206.0  203.0  203.0  200.0  0.0  0.0  0.0  0.0  0.0 ]
S8top - Result: [ 0.0  8.0  8.0  8.0  8.0  9.0  0.0  0.0  0.0  0.0  0.0 ]
Resultado 2.0 [ 0.0  8.0  8.0  8.0  8.0  9.0  0.0  0.0  0.0  0.0  0.0 ] 
Fim behavior 2

Melhor Comportamento: 2

18 ----------------------
Stop - Start: [ 255.0  243.0  243.0  239.0  239.0  239.0  0.0  0.0  0.0  0.0  0.0 ]
Stop - Stop: [ 255.0  235.0  235.0  230.0  230.0  229.0  0.0  0.0  0.0  0.0  0.0 ]
Stop - Result: [ 0.0  8.0  8.0  9.0  9.0  10.0  0.0  0.0  0.0  0.0  0.0 ]
Resultado 0.0 [ 0.0  8.0  8.0  9.0  9.0  10.0  0.0  0.0  0.0  0.0  0.0 ] 
Metrics stop!
Fim behavior 0

Stop - Start: [ 255.0  231.0  227.0  225.0  225.0  224.0  0.0  0.0  0.0  0.0  0.0 ]
Stop - Stop: [ 255.0  223.0  219.0  216.0  216.0  214.0  0.0  0.0  0.0  0.0  0.0 ]
Stop - Result: [ 0.0  8.0  8.0  9.0  9.0  10.0  0.0  0.0  0.0  0.0  0.0 ]
Resultado 1.0 [ 0.0  8.0  8.0  9.0  9.0  10.0  0.0  0.0  0.0  0.0  0.0 ] 
Fim behavior 1

Stop - Start: [ 255.0  218.0  215.0  212.0  211.0  209.0  0.0  0.0  0.0  0.0  0.0 ]
Stop - Stop: [ 255.0  211.0  207.0  204.0  203.0  200.0  0.0  0.0  0.0  0.0  0.0 ]
Stop - Result: [ 0.0  7.0  8.0  8.0  8.0  9.0  0.0  0.0  0.0  0.0  0.0 ]
Resultado 2.0 [ 0.0  7.0  8.0  8.0  8.0  9.0  0.0  0.0  0.0  0.0  0.0 ] 
Fim behavior 2

Melhor Comportamento: 2

19 ---------------------

Stop - Start: [ 255.0  243.0  239.0  239.0  239.0  239.0  0.0  0.0  0.0  0.0  0.0 ]
Stop - Stop: [ 255.0  235.0  235.0  230.0  230.0  229.0  0.0  0.0  0.0  0.0  0.0 ]
Stop - Result: [ 0.0  8.0  4.0  9.0  9.0  10.0  0.0  0.0  0.0  0.0  0.0 ]
Resultado 0.0 [ 0.0  8.0  4.0  9.0  9.0  10.0  0.0  0.0  0.0  0.0  0.0 ] 
Metrics stop!
Fim behavior 0

Stop - Start: [ 255.0  231.0  226.0  225.0  225.0  224.0  0.0  0.0  0.0  0.0  0.0 ]
Stop - Stop: [ 255.0  223.0  218.0  216.0  216.0  214.0  0.0  0.0  0.0  0.0  0.0 ]
Stop - Result: [ 0.0  8.0  8.0  9.0  9.0  10.0  0.0  0.0  0.0  0.0  0.0 ]
Resultado 1.0 [ 0.0  8.0  8.0  9.0  9.0  10.0  0.0  0.0  0.0  0.0  0.0 ] 
Fim behavior 1

Stop - Start: [ 255.0  219.0  214.0  208.0  211.0  209.0  0.0  0.0  0.0  0.0  0.0 ]
Stop - Stop: [ 255.0  211.0  206.0  204.0  203.0  200.0  0.0  0.0  0.0  0.0  0.0 ]
Stop - Result: [ 0.0  8.0  8.0  4.0  8.0  9.0  0.0  0.0  0.0  0.0  0.0 ]
Resultado 2.0 [ 0.0  8.0  8.0  4.0  8.0  9.0  0.0  0.0  0.0  0.0  0.0 ] 
Fim behavior 2

Melhor Comportamento: 2

20----------------------------------

Stop - Start: [ 255.0  243.0  235.0  239.0  239.0  239.0  0.0  0.0  0.0  0.0  0.0 ]
Stop - Stop: [ 255.0  235.0  230.0  230.0  230.0  229.0  0.0  0.0  0.0  0.0  0.0 ]
Stop - Result: [ 0.0  8.0  5.0  9.0  9.0  10.0  0.0  0.0  0.0  0.0  0.0 ]
Resultado 0.0 [ 0.0  8.0  5.0  9.0  9.0  10.0  0.0  0.0  0.0  0.0  0.0 ] 
Fim behavior 0

Stop - Start: [ 255.0  231.0  226.0  225.0  226.0  224.0  0.0  0.0  0.0  0.0  0.0 ]
Stop - Stop: [ 255.0  223.0  218.0  216.0  217.0  214.0  0.0  0.0  0.0  0.0  0.0 ]
Stop - Result: [ 0.0  8.0  8.0  9.0  9.0  10.0  0.0  0.0  0.0  0.0  0.0 ]
Resultado 1.0 [ 0.0  8.0  8.0  9.0  9.0  10.0  0.0  0.0  0.0  0.0  0.0 ] 
Fim behavior 1

Stop - Start: [ 255.0  219.0  214.0  207.0  212.0  209.0  0.0  0.0  0.0  0.0  0.0 ]
Stop - Stop: [ 255.0  211.0  210.0  204.0  204.0  200.0  0.0  0.0  0.0  0.0  0.0 ]
Stop - Result: [ 0.0  8.0  4.0  3.0  8.0  9.0  0.0  0.0  0.0  0.0  0.0 ]
Resultado 2.0 [ 0.0  8.0  4.0  3.0  8.0  9.0  0.0  0.0  0.0  0.0  0.0 ] 
Fim behavior 2

Melhor Comportamento: 2


====================================================================================

2 min cada comportamento - 500 maxLevel

Stop - Start: [ 255.0  243.0  243.0  243.0  239.0  238.0  0.0  0.0  0.0  0.0  0.0 ]
Stop - Stop: [ 255.0  223.0  223.0  221.0  217.0  216.0  0.0  0.0  0.0  0.0  0.0 ]
Stop - Result: [ 0.0  20.0  20.0  22.0  22.0  22.0  0.0  0.0  0.0  0.0  0.0 ]
Resultado 0.0 [ 0.0  20.0  20.0  22.0  22.0  22.0  0.0  0.0  0.0  0.0  0.0 ] 
Fim behavior 0

Stop - Start: [ 255.0  219.0  219.0  217.0  213.0  211.0  0.0  0.0  0.0  0.0  0.0 ]
Stop - Stop: [ 255.0  198.0  198.0  194.0  190.0  185.0  0.0  0.0  0.0  0.0  0.0 ]
Stop - Result: [ 0.0  21.0  21.0  23.0  23.0  26.0  0.0  0.0  0.0  0.0  0.0 ]
Resultado 1.0 [ 0.0  21.0  21.0  23.0  23.0  26.0  0.0  0.0  0.0  0.0  0.0 ] 
Metrics stop!
Fim behavior 1

Stop - Start: [ 255.0  194.0  194.0  185.0  185.0  180.0  0.0  0.0  0.0  0.0  0.0 ]
Stop - Stop: [ 255.0  175.0  175.0  170.0  166.0  161.0  0.0  0.0  0.0  0.0  0.0 ]
Stop - Result: [ 0.0  19.0  19.0  15.0  19.0  19.0  0.0  0.0  0.0  0.0  0.0 ]
Resultado 2.0 [ 0.0  19.0  19.0  15.0  19.0  19.0  0.0  0.0  0.0  0.0  0.0 ] 
Metrics stop!
Fim behavior 2

Melhor Comportamento: 2

2 ----------------------------------

Stop - Start: [ 255.0  243.0  239.0  239.0  239.0  239.0  0.0  0.0  0.0  0.0  0.0 ]
Stop - Stop: [ 255.0  223.0  219.0  217.0  217.0  215.0  0.0  0.0  0.0  0.0  0.0 ]
Stop - Result: [ 0.0  20.0  20.0  22.0  22.0  24.0  0.0  0.0  0.0  0.0  0.0 ]
Resultado 0.0 [ 0.0  20.0  20.0  22.0  22.0  24.0  0.0  0.0  0.0  0.0  0.0 ] 
Fim behavior 0

Stop - Start: [ 255.0  219.0  215.0  212.0  212.0  210.0  0.0  0.0  0.0  0.0  0.0 ]
Stop - Stop: [ 255.0  198.0  194.0  189.0  190.0  185.0  0.0  0.0  0.0  0.0  0.0 ]
Stop - Result: [ 0.0  21.0  21.0  23.0  22.0  25.0  0.0  0.0  0.0  0.0  0.0 ]
Resultado 1.0 [ 0.0  21.0  21.0  23.0  22.0  25.0  0.0  0.0  0.0  0.0  0.0 ] 
Fim behavior 1

Stop - Start: [ 255.0  194.0  190.0  185.0  185.0  180.0  0.0  0.0  0.0  0.0  0.0 ]
Stop - Stop: [ 255.0  175.0  171.0  166.0  166.0  160.0  0.0  0.0  0.0  0.0  0.0 ]
Stop - Result: [ 0.0  19.0  19.0  19.0  19.0  20.0  0.0  0.0  0.0  0.0  0.0 ]
Resultado 2.0 [ 0.0  19.0  19.0  19.0  19.0  20.0  0.0  0.0  0.0  0.0  0.0 ] 
Fim behavior 2

Melhor Comportamento: 2

3 -------------------------

Stop - Start: [ 255.0  243.0  239.0  239.0  239.0  239.0  0.0  0.0  0.0  0.0  0.0 ]
Stop - Stop: [ 255.0  223.0  222.0  217.0  217.0  216.0  0.0  0.0  0.0  0.0  0.0 ]
Stop - Result: [ 0.0  20.0  17.0  22.0  22.0  23.0  0.0  0.0  0.0  0.0  0.0 ]
Resultado 0.0 [ 0.0  20.0  17.0  22.0  22.0  23.0  0.0  0.0  0.0  0.0  0.0 ] 
Fim behavior 0

Inicio behavior 1
Stop - Start: [ 255.0  219.0  213.0  212.0  213.0  210.0  0.0  0.0  0.0  0.0  0.0 ]
Stop - Stop: [ 255.0  198.0  193.0  189.0  190.0  185.0  0.0  0.0  0.0  0.0  0.0 ]
Stop - Result: [ 0.0  21.0  20.0  23.0  23.0  25.0  0.0  0.0  0.0  0.0  0.0 ]
Resultado 1.0 [ 0.0  21.0  20.0  23.0  23.0  25.0  0.0  0.0  0.0  0.0  0.0 ] 
Fim behavior 1

Stop - Start: [ 255.0  194.0  189.0  185.0  185.0  180.0  0.0  0.0  0.0  0.0  0.0 ]
Stop - Stop: [ 255.0  175.0  170.0  166.0  166.0  161.0  0.0  0.0  0.0  0.0  0.0 ]
Stop - Result: [ 0.0  19.0  19.0  19.0  19.0  19.0  0.0  0.0  0.0  0.0  0.0 ]
Resultado 2.0 [ 0.0  19.0  19.0  19.0  19.0  19.0  0.0  0.0  0.0  0.0  0.0 ] 
Fim behavior 2

Melhor Comportamento: 2

4 -------------------------

Stop - Start: [ 255.0  243.0  239.0  239.0  239.0  239.0  0.0  0.0  0.0  0.0  0.0 ]
Stop - Stop: [ 255.0  223.0  222.0  216.0  216.0  216.0  0.0  0.0  0.0  0.0  0.0 ]
Stop - Result: [ 0.0  20.0  17.0  23.0  23.0  23.0  0.0  0.0  0.0  0.0  0.0 ]
Resultado 0.0 [ 0.0  20.0  17.0  23.0  23.0  23.0  0.0  0.0  0.0  0.0  0.0 ] 
Fim behavior 0

Inicio behavior 1
Stop - Start: [ 255.0  218.0  213.0  211.0  211.0  211.0  0.0  0.0  0.0  0.0  0.0 ]
Stop - Stop: [ 255.0  198.0  193.0  189.0  188.0  186.0  0.0  0.0  0.0  0.0  0.0 ]
Stop - Result: [ 0.0  20.0  20.0  22.0  23.0  25.0  0.0  0.0  0.0  0.0  0.0 ]
Resultado 1.0 [ 0.0  20.0  20.0  22.0  23.0  25.0  0.0  0.0  0.0  0.0  0.0 ] 
Fim behavior 1

Stop - Start: [ 255.0  194.0  189.0  184.0  184.0  180.0  0.0  0.0  0.0  0.0  0.0 ]
Stop - Stop: [ 255.0  175.0  170.0  165.0  164.0  161.0  0.0  0.0  0.0  0.0  0.0 ]
Stop - Result: [ 0.0  19.0  19.0  19.0  20.0  19.0  0.0  0.0  0.0  0.0  0.0 ]
Resultado 2.0 [ 0.0  19.0  19.0  19.0  20.0  19.0  0.0  0.0  0.0  0.0  0.0 ] 
Fim behavior 2

Melhor Comportamento: 2
5 -----------------------

Stop - Start: [ 255.0  243.0  243.0  243.0  239.0  238.0  0.0  0.0  0.0  0.0  0.0 ]
Stop - Stop: [ 255.0  223.0  223.0  221.0  217.0  215.0  0.0  0.0  0.0  0.0  0.0 ]
Stop - Result: [ 0.0  20.0  20.0  22.0  22.0  23.0  0.0  0.0  0.0  0.0  0.0 ]
Resultado 0.0 [ 0.0  20.0  20.0  22.0  22.0  23.0  0.0  0.0  0.0  0.0  0.0 ] 
Fim behavior 0

Inicio behavior 1
Stop - Start: [ 255.0  219.0  219.0  217.0  212.0  210.0  0.0  0.0  0.0  0.0  0.0 ]
Stop - Stop: [ 255.0  198.0  198.0  194.0  189.0  185.0  0.0  0.0  0.0  0.0  0.0 ]
Stop - Result: [ 0.0  21.0  21.0  23.0  23.0  25.0  0.0  0.0  0.0  0.0  0.0 ]
Resultado 1.0 [ 0.0  21.0  21.0  23.0  23.0  25.0  0.0  0.0  0.0  0.0  0.0 ] 
Fim behavior 1

Stop - Start: [ 255.0  194.0  194.0  189.0  185.0  180.0  0.0  0.0  0.0  0.0  0.0 ]
Stop - Stop: [ 255.0  175.0  175.0  170.0  166.0  161.0  0.0  0.0  0.0  0.0  0.0 ]
Stop - Result: [ 0.0  19.0  19.0  19.0  19.0  19.0  0.0  0.0  0.0  0.0  0.0 ]
Resultado 2.0 [ 0.0  19.0  19.0  19.0  19.0  19.0  0.0  0.0  0.0  0.0  0.0 ] 
Fim behavior 2

Melhor Comportamento: 2

6 -----------------------------

Stop - Start: [ 255.0  243.0  239.0  239.0  239.0  239.0  0.0  0.0  0.0  0.0  0.0 ]
Stop - Stop: [ 255.0  223.0  222.0  217.0  217.0  216.0  0.0  0.0  0.0  0.0  0.0 ]
Stop - Result: [ 0.0  20.0  17.0  22.0  22.0  23.0  0.0  0.0  0.0  0.0  0.0 ]
Resultado 0.0 [ 0.0  20.0  17.0  22.0  22.0  23.0  0.0  0.0  0.0  0.0  0.0 ] 
Metrics stop!
Fim behavior 0

Inicio behavior 1
Stop - Start: [ 255.0  219.0  213.0  212.0  213.0  210.0  0.0  0.0  0.0  0.0  0.0 ]
Stop - Stop: [ 255.0  198.0  193.0  189.0  190.0  185.0  0.0  0.0  0.0  0.0  0.0 ]
Stop - Result: [ 0.0  21.0  20.0  23.0  23.0  25.0  0.0  0.0  0.0  0.0  0.0 ]
Resultado 1.0 [ 0.0  21.0  20.0  23.0  23.0  25.0  0.0  0.0  0.0  0.0  0.0 ] 
Fim behavior 1

Stop - Start: [ 255.0  194.0  189.0  185.0  185.0  180.0  0.0  0.0  0.0  0.0  0.0 ]
Stop - Stop: [ 255.0  175.0  170.0  166.0  166.0  161.0  0.0  0.0  0.0  0.0  0.0 ]
Stop - Result: [ 0.0  19.0  19.0  19.0  19.0  19.0  0.0  0.0  0.0  0.0  0.0 ]
Resultado 2.0 [ 0.0  19.0  19.0  19.0  19.0  19.0  0.0  0.0  0.0  0.0  0.0 ] 
Fim behavior 2

Melhor Comportamento: 2
7 -------------------------

Stop - Start: [ 255.0  243.0  243.0  239.0  239.0  239.0  0.0  0.0  0.0  0.0  0.0 ]
Stop - Stop: [ 255.0  223.0  223.0  221.0  216.0  216.0  0.0  0.0  0.0  0.0  0.0 ]
Stop - Result: [ 0.0  20.0  20.0  18.0  23.0  23.0  0.0  0.0  0.0  0.0  0.0 ]
Resultado 0.0 [ 0.0  20.0  20.0  18.0  23.0  23.0  0.0  0.0  0.0  0.0  0.0 ] 
Fim behavior 0

Inicio behavior 1
Stop - Start: [ 255.0  219.0  215.0  212.0  211.0  211.0  0.0  0.0  0.0  0.0  0.0 ]
Stop - Stop: [ 255.0  198.0  194.0  189.0  189.0  186.0  0.0  0.0  0.0  0.0  0.0 ]
Stop - Result: [ 0.0  21.0  21.0  23.0  22.0  25.0  0.0  0.0  0.0  0.0  0.0 ]
Resultado 1.0 [ 0.0  21.0  21.0  23.0  22.0  25.0  0.0  0.0  0.0  0.0  0.0 ] 
Fim behavior 1

Stop - Start: [ 255.0  194.0  190.0  185.0  184.0  180.0  0.0  0.0  0.0  0.0  0.0 ]
Stop - Stop: [ 255.0  175.0  171.0  166.0  165.0  161.0  0.0  0.0  0.0  0.0  0.0 ]
Stop - Result: [ 0.0  19.0  19.0  19.0  19.0  19.0  0.0  0.0  0.0  0.0  0.0 ]
Resultado 2.0 [ 0.0  19.0  19.0  19.0  19.0  19.0  0.0  0.0  0.0  0.0  0.0 ] 
Fim behavior 2

Melhor Comportamento: 2
8 -----------------------

Stop - Start: [ 255.0  239.0  243.0  243.0  239.0  238.0  0.0  0.0  0.0  0.0  0.0 ]
Stop - Stop: [ 255.0  223.0  223.0  221.0  217.0  215.0  0.0  0.0  0.0  0.0  0.0 ]
Stop - Result: [ 0.0  16.0  20.0  22.0  22.0  23.0  0.0  0.0  0.0  0.0  0.0 ]
Resultado 0.0 [ 0.0  16.0  20.0  22.0  22.0  23.0  0.0  0.0  0.0  0.0  0.0 ] 
Fim behavior 0

Inicio behavior 1
Stop - Start: [ 255.0  219.0  219.0  216.0  212.0  210.0  0.0  0.0  0.0  0.0  0.0 ]
Stop - Stop: [ 255.0  198.0  198.0  193.0  190.0  185.0  0.0  0.0  0.0  0.0  0.0 ]
Stop - Result: [ 0.0  21.0  21.0  23.0  22.0  25.0  0.0  0.0  0.0  0.0  0.0 ]
Resultado 1.0 [ 0.0  21.0  21.0  23.0  22.0  25.0  0.0  0.0  0.0  0.0  0.0 ] 
Fim behavior 1

Stop - Start: [ 255.0  194.0  194.0  189.0  185.0  180.0  0.0  0.0  0.0  0.0  0.0 ]
Stop - Stop: [ 255.0  175.0  175.0  170.0  166.0  161.0  0.0  0.0  0.0  0.0  0.0 ]
Stop - Result: [ 0.0  19.0  19.0  19.0  19.0  19.0  0.0  0.0  0.0  0.0  0.0 ]
Resultado 2.0 [ 0.0  19.0  19.0  19.0  19.0  19.0  0.0  0.0  0.0  0.0  0.0 ] 
Fim behavior 2

Melhor Comportamento: 2

9 --------------------------

Stop - Start: [ 255.0  243.0  243.0  243.0  239.0  238.0  0.0  0.0  0.0  0.0  0.0 ]
Stop - Stop: [ 255.0  223.0  221.0  221.0  216.0  216.0  0.0  0.0  0.0  0.0  0.0 ]
Stop - Result: [ 0.0  20.0  22.0  22.0  23.0  22.0  0.0  0.0  0.0  0.0  0.0 ]
Resultado 0.0 [ 0.0  20.0  22.0  22.0  23.0  22.0  0.0  0.0  0.0  0.0  0.0 ] 
Fim behavior 0

Inicio behavior 1
Stop - Start: [ 255.0  219.0  217.0  217.0  211.0  210.0  0.0  0.0  0.0  0.0  0.0 ]
Stop - Stop: [ 255.0  198.0  197.0  194.0  188.0  185.0  0.0  0.0  0.0  0.0  0.0 ]
Stop - Result: [ 0.0  21.0  20.0  23.0  23.0  25.0  0.0  0.0  0.0  0.0  0.0 ]
Resultado 1.0 [ 0.0  21.0  20.0  23.0  23.0  25.0  0.0  0.0  0.0  0.0  0.0 ] 
Fim behavior 1

Stop - Start: [ 255.0  194.0  193.0  189.0  184.0  180.0  0.0  0.0  0.0  0.0  0.0 ]
Stop - Stop: [ 255.0  175.0  174.0  170.0  165.0  161.0  0.0  0.0  0.0  0.0  0.0 ]
Stop - Result: [ 0.0  19.0  19.0  19.0  19.0  19.0  0.0  0.0  0.0  0.0  0.0 ]
Resultado 2.0 [ 0.0  19.0  19.0  19.0  19.0  19.0  0.0  0.0  0.0  0.0  0.0 ] 
Fim behavior 2

Melhor Comportamento: 2

10 ------------------------------------

Stop - Start: [ 255.0  243.0  239.0  243.0  239.0  238.0  0.0  0.0  0.0  0.0  0.0 ]
Stop - Stop: [ 255.0  221.0  223.0  222.0  217.0  216.0  0.0  0.0  0.0  0.0  0.0 ]
Stop - Result: [ 0.0  22.0  16.0  21.0  22.0  22.0  0.0  0.0  0.0  0.0  0.0 ]
Resultado 0.0 [ 0.0  22.0  16.0  21.0  22.0  22.0  0.0  0.0  0.0  0.0  0.0 ] 
Metrics stop!
Fim behavior 0

Inicio behavior 1
Stop - Start: [ 255.0  217.0  219.0  213.0  213.0  211.0  0.0  0.0  0.0  0.0  0.0 ]
Stop - Stop: [ 255.0  197.0  198.0  194.0  190.0  185.0  0.0  0.0  0.0  0.0  0.0 ]
Stop - Result: [ 0.0  20.0  21.0  19.0  23.0  26.0  0.0  0.0  0.0  0.0  0.0 ]
Resultado 1.0 [ 0.0  20.0  21.0  19.0  23.0  26.0  0.0  0.0  0.0  0.0  0.0 ] 
Metrics stop!
Fim behavior 1

Stop - Start: [ 255.0  193.0  190.0  186.0  185.0  180.0  0.0  0.0  0.0  0.0  0.0 ]
Stop - Stop: [ 255.0  174.0  175.0  166.0  166.0  161.0  0.0  0.0  0.0  0.0  0.0 ]
Stop - Result: [ 0.0  19.0  15.0  20.0  19.0  19.0  0.0  0.0  0.0  0.0  0.0 ]
Resultado 2.0 [ 0.0  19.0  15.0  20.0  19.0  19.0  0.0  0.0  0.0  0.0  0.0 ] 
Metrics stop!
Fim behavior 2

Melhor Comportamento: 2

11 ----------------------

Stop - Start: [ 255.0  243.0  239.0  239.0  239.0  239.0  0.0  0.0  0.0  0.0  0.0 ]
Stop - Stop: [ 255.0  223.0  223.0  220.0  219.0  216.0  0.0  0.0  0.0  0.0  0.0 ]
Stop - Result: [ 0.0  20.0  16.0  19.0  20.0  23.0  0.0  0.0  0.0  0.0  0.0 ]
Resultado 0.0 [ 0.0  20.0  16.0  19.0  20.0  23.0  0.0  0.0  0.0  0.0  0.0 ] 
Metrics stop!
Fim behavior 0

Inicio behavior 1
Stop - Start: [ 255.0  219.0  215.0  211.0  214.0  210.0  0.0  0.0  0.0  0.0  0.0 ]
Stop - Stop: [ 255.0  198.0  198.0  188.0  191.0  185.0  0.0  0.0  0.0  0.0  0.0 ]
Stop - Result: [ 0.0  21.0  17.0  23.0  23.0  25.0  0.0  0.0  0.0  0.0  0.0 ]
Resultado 1.0 [ 0.0  21.0  17.0  23.0  23.0  25.0  0.0  0.0  0.0  0.0  0.0 ] 
Metrics stop!
Fim behavior 1

Stop - Start: [ 255.0  194.0  190.0  184.0  187.0  180.0  0.0  0.0  0.0  0.0  0.0 ]
Stop - Stop: [ 255.0  175.0  171.0  165.0  167.0  161.0  0.0  0.0  0.0  0.0  0.0 ]
Stop - Result: [ 0.0  19.0  19.0  19.0  20.0  19.0  0.0  0.0  0.0  0.0  0.0 ]
Resultado 2.0 [ 0.0  19.0  19.0  19.0  20.0  19.0  0.0  0.0  0.0  0.0  0.0 ] 
Fim behavior 2

Melhor Comportamento: 2

12 ------------------------------------

Stop - Start: [ 255.0  243.0  243.0  243.0  239.0  238.0  0.0  0.0  0.0  0.0  0.0 ]
Stop - Stop: [ 255.0  223.0  223.0  221.0  217.0  216.0  0.0  0.0  0.0  0.0  0.0 ]
Stop - Result: [ 0.0  20.0  20.0  22.0  22.0  22.0  0.0  0.0  0.0  0.0  0.0 ]
Resultado 0.0 [ 0.0  20.0  20.0  22.0  22.0  22.0  0.0  0.0  0.0  0.0  0.0 ] 
Fim behavior 0

Inicio behavior 1
Stop - Start: [ 255.0  218.0  219.0  217.0  213.0  211.0  0.0  0.0  0.0  0.0  0.0 ]
Stop - Stop: [ 255.0  198.0  198.0  194.0  190.0  185.0  0.0  0.0  0.0  0.0  0.0 ]
Stop - Result: [ 0.0  20.0  21.0  23.0  23.0  26.0  0.0  0.0  0.0  0.0  0.0 ]
Resultado 1.0 [ 0.0  20.0  21.0  23.0  23.0  26.0  0.0  0.0  0.0  0.0  0.0 ] 
Fim behavior 1

Stop - Start: [ 255.0  194.0  194.0  189.0  185.0  181.0  0.0  0.0  0.0  0.0  0.0 ]
Stop - Stop: [ 255.0  175.0  175.0  170.0  166.0  161.0  0.0  0.0  0.0  0.0  0.0 ]
Stop - Result: [ 0.0  19.0  19.0  19.0  19.0  20.0  0.0  0.0  0.0  0.0  0.0 ]
Resultado 2.0 [ 0.0  19.0  19.0  19.0  19.0  20.0  0.0  0.0  0.0  0.0  0.0 ] 
Metrics stop!
Fim behavior 2

Melhor Comportamento: 2

13 ----------------------------

Stop - Start: [ 255.0  243.0  239.0  239.0  239.0  239.0  0.0  0.0  0.0  0.0  0.0 ]
Stop - Stop: [ 255.0  222.0  222.0  217.0  217.0  216.0  0.0  0.0  0.0  0.0  0.0 ]
Stop - Result: [ 0.0  21.0  17.0  22.0  22.0  23.0  0.0  0.0  0.0  0.0  0.0 ]
Resultado 0.0 [ 0.0  21.0  17.0  22.0  22.0  23.0  0.0  0.0  0.0  0.0  0.0 ] 
Metrics stop!
Fim behavior 0

Inicio behavior 1
Stop - Start: [ 255.0  218.0  213.0  212.0  213.0  211.0  0.0  0.0  0.0  0.0  0.0 ]
Stop - Stop: [ 255.0  198.0  190.0  189.0  189.0  186.0  0.0  0.0  0.0  0.0  0.0 ]
Stop - Result: [ 0.0  20.0  23.0  23.0  24.0  25.0  0.0  0.0  0.0  0.0  0.0 ]
Resultado 1.0 [ 0.0  20.0  23.0  23.0  24.0  25.0  0.0  0.0  0.0  0.0  0.0 ] 
Fim behavior 1

Stop - Start: [ 255.0  194.0  186.0  185.0  184.0  180.0  0.0  0.0  0.0  0.0  0.0 ]
Stop - Stop: [ 255.0  175.0  164.0  166.0  164.0  161.0  0.0  0.0  0.0  0.0  0.0 ]
Stop - Result: [ 0.0  19.0  22.0  19.0  20.0  19.0  0.0  0.0  0.0  0.0  0.0 ]
Resultado 2.0 [ 0.0  19.0  22.0  19.0  20.0  19.0  0.0  0.0  0.0  0.0  0.0 ] 
Fim behavior 2

Melhor Comportamento: 2

14 ------------------------------

Stop - Start: [ 255.0  243.0  239.0  239.0  239.0  239.0  0.0  0.0  0.0  0.0  0.0 ]
Stop - Stop: [ 255.0  223.0  219.0  217.0  217.0  216.0  0.0  0.0  0.0  0.0  0.0 ]
Stop - Result: [ 0.0  20.0  20.0  22.0  22.0  23.0  0.0  0.0  0.0  0.0  0.0 ]
Resultado 0.0 [ 0.0  20.0  20.0  22.0  22.0  23.0  0.0  0.0  0.0  0.0  0.0 ] 
Fim behavior 0

Inicio behavior 1
Stop - Start: [ 255.0  219.0  215.0  212.0  213.0  210.0  0.0  0.0  0.0  0.0  0.0 ]
Stop - Stop: [ 255.0  198.0  194.0  189.0  190.0  185.0  0.0  0.0  0.0  0.0  0.0 ]
Stop - Result: [ 0.0  21.0  21.0  23.0  23.0  25.0  0.0  0.0  0.0  0.0  0.0 ]
Resultado 1.0 [ 0.0  21.0  21.0  23.0  23.0  25.0  0.0  0.0  0.0  0.0  0.0 ] 
Fim behavior 1

Stop - Start: [ 255.0  194.0  190.0  185.0  185.0  180.0  0.0  0.0  0.0  0.0  0.0 ]
Stop - Stop: [ 255.0  175.0  171.0  166.0  166.0  161.0  0.0  0.0  0.0  0.0  0.0 ]
Stop - Result: [ 0.0  19.0  19.0  19.0  19.0  19.0  0.0  0.0  0.0  0.0  0.0 ]
Resultado 2.0 [ 0.0  19.0  19.0  19.0  19.0  19.0  0.0  0.0  0.0  0.0  0.0 ] 
Fim behavior 2

Melhor Comportamento: 2

15 ----------------------------

Stop - Start: [ 255.0  243.0  239.0  239.0  239.0  239.0  0.0  0.0  0.0  0.0  0.0 ]
Stop - Stop: [ 255.0  223.0  223.0  217.0  217.0  216.0  0.0  0.0  0.0  0.0  0.0 ]
Stop - Result: [ 0.0  20.0  16.0  22.0  22.0  23.0  0.0  0.0  0.0  0.0  0.0 ]
Resultado 0.0 [ 0.0  20.0  16.0  22.0  22.0  23.0  0.0  0.0  0.0  0.0  0.0 ] 
Fim behavior 0

Inicio behavior 1
Stop - Start: [ 255.0  219.0  210.0  212.0  212.0  211.0  0.0  0.0  0.0  0.0  0.0 ]
Stop - Stop: [ 255.0  198.0  194.0  190.0  190.0  186.0  0.0  0.0  0.0  0.0  0.0 ]
Stop - Result: [ 0.0  21.0  16.0  22.0  22.0  25.0  0.0  0.0  0.0  0.0  0.0 ]
Resultado 1.0 [ 0.0  21.0  16.0  22.0  22.0  25.0  0.0  0.0  0.0  0.0  0.0 ] 
Fim behavior 1

Stop - Start: [ 255.0  194.0  190.0  185.0  185.0  180.0  0.0  0.0  0.0  0.0  0.0 ]
Stop - Stop: [ 255.0  175.0  175.0  166.0  166.0  161.0  0.0  0.0  0.0  0.0  0.0 ]
Stop - Result: [ 0.0  19.0  15.0  19.0  19.0  19.0  0.0  0.0  0.0  0.0  0.0 ]
Resultado 2.0 [ 0.0  19.0  15.0  19.0  19.0  19.0  0.0  0.0  0.0  0.0  0.0 ] 
Fim behavior 2

Melhor Comportamento: 2

16 -------------------------------

Stop - Start: [ 255.0  243.0  239.0  239.0  239.0  239.0  0.0  0.0  0.0  0.0  0.0 ]
Stop - Stop: [ 255.0  223.0  222.0  217.0  217.0  216.0  0.0  0.0  0.0  0.0  0.0 ]
Stop - Result: [ 0.0  20.0  17.0  22.0  22.0  23.0  0.0  0.0  0.0  0.0  0.0 ]
Resultado 0.0 [ 0.0  20.0  17.0  22.0  22.0  23.0  0.0  0.0  0.0  0.0  0.0 ] 
Metrics stop!
Fim behavior 0

Inicio behavior 1
Stop - Start: [ 255.0  219.0  213.0  213.0  213.0  211.0  0.0  0.0  0.0  0.0  0.0 ]
Stop - Stop: [ 255.0  198.0  193.0  190.0  190.0  186.0  0.0  0.0  0.0  0.0  0.0 ]
Stop - Result: [ 0.0  21.0  20.0  23.0  23.0  25.0  0.0  0.0  0.0  0.0  0.0 ]
Resultado 1.0 [ 0.0  21.0  20.0  23.0  23.0  25.0  0.0  0.0  0.0  0.0  0.0 ] 
Fim behavior 1

Stop - Start: [ 255.0  194.0  189.0  185.0  185.0  180.0  0.0  0.0  0.0  0.0  0.0 ]
Stop - Stop: [ 255.0  175.0  170.0  166.0  166.0  161.0  0.0  0.0  0.0  0.0  0.0 ]
Stop - Result: [ 0.0  19.0  19.0  19.0  19.0  19.0  0.0  0.0  0.0  0.0  0.0 ]
Resultado 2.0 [ 0.0  19.0  19.0  19.0  19.0  19.0  0.0  0.0  0.0  0.0  0.0 ] 
Fim behavior 2

Melhor Comportamento: 2

17 -------------------------

Stop - Start: [ 255.0  243.0  239.0  243.0  239.0  238.0  0.0  0.0  0.0  0.0  0.0 ]
Stop - Stop: [ 255.0  223.0  223.0  221.0  217.0  216.0  0.0  0.0  0.0  0.0  0.0 ]
Stop - Result: [ 0.0  20.0  16.0  22.0  22.0  22.0  0.0  0.0  0.0  0.0  0.0 ]
Resultado 0.0 [ 0.0  20.0  16.0  22.0  22.0  22.0  0.0  0.0  0.0  0.0  0.0 ] 
Fim behavior 0

Inicio behavior 1
Stop - Start: [ 255.0  219.0  219.0  216.0  213.0  211.0  0.0  0.0  0.0  0.0  0.0 ]
Stop - Stop: [ 255.0  198.0  198.0  194.0  190.0  185.0  0.0  0.0  0.0  0.0  0.0 ]
Stop - Result: [ 0.0  21.0  21.0  22.0  23.0  26.0  0.0  0.0  0.0  0.0  0.0 ]
Resultado 1.0 [ 0.0  21.0  21.0  22.0  23.0  26.0  0.0  0.0  0.0  0.0  0.0 ] 
Metrics stop!
Fim behavior 1

Stop - Start: [ 255.0  194.0  194.0  185.0  185.0  180.0  0.0  0.0  0.0  0.0  0.0 ]
Stop - Stop: [ 255.0  175.0  175.0  166.0  166.0  161.0  0.0  0.0  0.0  0.0  0.0 ]
Stop - Result: [ 0.0  19.0  19.0  19.0  19.0  19.0  0.0  0.0  0.0  0.0  0.0 ]
Resultado 2.0 [ 0.0  19.0  19.0  19.0  19.0  19.0  0.0  0.0  0.0  0.0  0.0 ] 
Metrics stop!
Fim behavior 2

Melhor Comportamento: 2

18 -------------------------------

Stop - Start: [ 255.0  243.0  243.0  243.0  239.0  238.0  0.0  0.0  0.0  0.0  0.0 ]
Stop - Stop: [ 255.0  223.0  223.0  221.0  217.0  216.0  0.0  0.0  0.0  0.0  0.0 ]
Stop - Result: [ 0.0  20.0  20.0  22.0  22.0  22.0  0.0  0.0  0.0  0.0  0.0 ]
Resultado 0.0 [ 0.0  20.0  20.0  22.0  22.0  22.0  0.0  0.0  0.0  0.0  0.0 ] 
Fim behavior 0

Inicio behavior 1
Stop - Start: [ 255.0  218.0  219.0  217.0  213.0  211.0  0.0  0.0  0.0  0.0  0.0 ]
Stop - Stop: [ 255.0  198.0  198.0  194.0  190.0  185.0  0.0  0.0  0.0  0.0  0.0 ]
Stop - Result: [ 0.0  20.0  21.0  23.0  23.0  26.0  0.0  0.0  0.0  0.0  0.0 ]
Resultado 1.0 [ 0.0  20.0  21.0  23.0  23.0  26.0  0.0  0.0  0.0  0.0  0.0 ] 
Metrics stop!
Fim behavior 1

Stop - Start: [ 255.0  194.0  194.0  185.0  185.0  180.0  0.0  0.0  0.0  0.0  0.0 ]
Stop - Stop: [ 255.0  175.0  175.0  170.0  166.0  161.0  0.0  0.0  0.0  0.0  0.0 ]
Stop - Result: [ 0.0  19.0  19.0  15.0  19.0  19.0  0.0  0.0  0.0  0.0  0.0 ]
Resultado 2.0 [ 0.0  19.0  19.0  15.0  19.0  19.0  0.0  0.0  0.0  0.0  0.0 ] 
Metrics stop!
Fim behavior 2

Melhor Comportamento: 2

19 ----------------------------

Stop - Start: [ 255.0  243.0  243.0  243.0  239.0  238.0  0.0  0.0  0.0  0.0  0.0 ]
Stop - Stop: [ 255.0  223.0  221.0  221.0  216.0  216.0  0.0  0.0  0.0  0.0  0.0 ]
Stop - Result: [ 0.0  20.0  22.0  22.0  23.0  22.0  0.0  0.0  0.0  0.0  0.0 ]
Resultado 0.0 [ 0.0  20.0  22.0  22.0  23.0  22.0  0.0  0.0  0.0  0.0  0.0 ] 
Fim behavior 0

Inicio behavior 1
Stop - Start: [ 255.0  219.0  217.0  217.0  211.0  210.0  0.0  0.0  0.0  0.0  0.0 ]
Stop - Stop: [ 255.0  198.0  197.0  194.0  188.0  185.0  0.0  0.0  0.0  0.0  0.0 ]
Stop - Result: [ 0.0  21.0  20.0  23.0  23.0  25.0  0.0  0.0  0.0  0.0  0.0 ]
Resultado 1.0 [ 0.0  21.0  20.0  23.0  23.0  25.0  0.0  0.0  0.0  0.0  0.0 ] 
Fim behavior 1

Stop - Start: [ 255.0  194.0  193.0  189.0  184.0  180.0  0.0  0.0  0.0  0.0  0.0 ]
Stop - Stop: [ 255.0  175.0  174.0  170.0  165.0  161.0  0.0  0.0  0.0  0.0  0.0 ]
Stop - Result: [ 0.0  19.0  19.0  19.0  19.0  19.0  0.0  0.0  0.0  0.0  0.0 ]
Resultado 2.0 [ 0.0  19.0  19.0  19.0  19.0  19.0  0.0  0.0  0.0  0.0  0.0 ] 
Metrics stop!
Fim behavior 2

Melhor Comportamento: 2

20 ---------------------------------

Stop - Start: [ 255.0  243.0  243.0  243.0  238.0  239.0  0.0  0.0  0.0  0.0  0.0 ]
Stop - Stop: [ 255.0  222.0  223.0  221.0  217.0  215.0  0.0  0.0  0.0  0.0  0.0 ]
Stop - Result: [ 0.0  21.0  20.0  22.0  21.0  24.0  0.0  0.0  0.0  0.0  0.0 ]
Resultado 0.0 [ 0.0  21.0  20.0  22.0  21.0  24.0  0.0  0.0  0.0  0.0  0.0 ] 
Metrics stop!
Fim behavior 0

Inicio behavior 1
Stop - Start: [ 255.0  217.0  219.0  212.0  212.0  209.0  0.0  0.0  0.0  0.0  0.0 ]
Stop - Stop: [ 255.0  197.0  198.0  194.0  189.0  184.0  0.0  0.0  0.0  0.0  0.0 ]
Stop - Result: [ 0.0  20.0  21.0  18.0  23.0  25.0  0.0  0.0  0.0  0.0  0.0 ]
Resultado 1.0 [ 0.0  20.0  21.0  18.0  23.0  25.0  0.0  0.0  0.0  0.0  0.0 ] 
Metrics stop!
Fim behavior 1

Stop - Start: [ 255.0  193.0  190.0  185.0  185.0  179.0  0.0  0.0  0.0  0.0  0.0 ]
Stop - Stop: [ 255.0  174.0  175.0  166.0  166.0  160.0  0.0  0.0  0.0  0.0  0.0 ]
Stop - Result: [ 0.0  19.0  15.0  19.0  19.0  19.0  0.0  0.0  0.0  0.0  0.0 ]
Resultado 2.0 [ 0.0  19.0  15.0  19.0  19.0  19.0  0.0  0.0  0.0  0.0  0.0 ] 
Metrics stop!
Fim behavior 2

Melhor Comportamento: 2

===============================================================================================

1,5 min

Inicio behavior 0
Stop - Start: [ 255.0  243.0  235.0  239.0  239.0  239.0  0.0  0.0  0.0  0.0  0.0 ]
Stop - Stop: [ 255.0  227.0  226.0  226.0  222.0  220.0  0.0  0.0  0.0  0.0  0.0 ]
Stop - Result: [ 0.0  16.0  9.0  13.0  17.0  19.0  0.0  0.0  0.0  0.0  0.0 ]
Resultado 0.0 [ 0.0  16.0  9.0  13.0  17.0  19.0  0.0  0.0  0.0  0.0  0.0 ] 
Fim behavior 0

Inicio behavior 1
Stop - Start: [ 255.0  223.0  222.0  221.0  217.0  215.0  0.0  0.0  0.0  0.0  0.0 ]
Stop - Stop: [ 255.0  210.0  210.0  203.0  203.0  200.0  0.0  0.0  0.0  0.0  0.0 ]
Stop - Result: [ 0.0  13.0  12.0  18.0  14.0  15.0  0.0  0.0  0.0  0.0  0.0 ]
Resultado 1.0 [ 0.0  13.0  12.0  18.0  14.0  15.0  0.0  0.0  0.0  0.0  0.0 ] 
Fim behavior 1

Inicio behavior 2
polling: 31.0 Limites: 32.0, 30.0 Mote: 2
polling: 31.0 Limites: 32.0, 30.0 Mote: 3
polling: 31.1 Limites: 32.1, 30.1 Mote: 4
polling: 31.1 Limites: 32.1, 30.1 Mote: 5
polling: 31.1 Limites: 32.1, 30.1 Mote: 6
Delete Alerta - DadoAlerta --------- 32.0

Alerta Deletado
polling: 32.0 Limites: 33.0, 31.0 Mote: 3
Delete Alerta - DadoAlerta --------- 32.0

Alerta Deletado
polling: 32.0 Limites: 33.0, 31.0 Mote: 2
Stop - Start: [ 255.0  206.0  202.0  198.0  199.0  194.0  0.0  0.0  0.0  0.0  0.0 ]
Stop - Stop: [ 255.0  191.0  190.0  187.0  183.0  179.0  0.0  0.0  0.0  0.0  0.0 ]
Stop - Result: [ 0.0  15.0  12.0  11.0  16.0  15.0  0.0  0.0  0.0  0.0  0.0 ]
Resultado 2.0 [ 0.0  15.0  12.0  11.0  16.0  15.0  0.0  0.0  0.0  0.0  0.0 ] 
Fim behavior 2

Melhor Comportamento: 2

---------------------------

Inicio behavior 0
Stop - Start: [ 255.0  243.0  235.0  239.0  239.0  239.0  0.0  0.0  0.0  0.0  0.0 ]
Stop - Stop: [ 255.0  227.0  226.0  226.0  226.0  221.0  0.0  0.0  0.0  0.0  0.0 ]
Stop - Result: [ 0.0  16.0  9.0  13.0  13.0  18.0  0.0  0.0  0.0  0.0  0.0 ]
Resultado 0.0 [ 0.0  16.0  9.0  13.0  13.0  18.0  0.0  0.0  0.0  0.0  0.0 ] 
Metrics stop!
Fim behavior 0

Inicio behavior 1
Stop - Start: [ 255.0  223.0  222.0  221.0  217.0  215.0  0.0  0.0  0.0  0.0  0.0 ]
Stop - Stop: [ 255.0  210.0  206.0  202.0  204.0  200.0  0.0  0.0  0.0  0.0  0.0 ]
Stop - Result: [ 0.0  13.0  16.0  19.0  13.0  15.0  0.0  0.0  0.0  0.0  0.0 ]
Resultado 1.0 [ 0.0  13.0  16.0  19.0  13.0  15.0  0.0  0.0  0.0  0.0  0.0 ] 
Fim behavior 1

Inicio behavior 2
polling: 31.1 Limites: 32.1, 30.1 Mote: 2
polling: 31.0 Limites: 32.0, 30.0 Mote: 3
polling: 31.0 Limites: 32.0, 30.0 Mote: 4
polling: 31.1 Limites: 32.1, 30.1 Mote: 5
polling: 31.1 Limites: 32.1, 30.1 Mote: 6
Delete Alerta - DadoAlerta --------- 32.0

Alerta Deletado
Delete Alerta - DadoAlerta --------- 32.0

Alerta Deletado
polling: 32.0 Limites: 33.0, 31.0 Mote: 3
Stop - Start: [ 255.0  206.0  202.0  198.0  199.0  195.0  0.0  0.0  0.0  0.0  0.0 ]
Stop - Stop: [ 255.0  191.0  190.0  186.0  183.0  179.0  0.0  0.0  0.0  0.0  0.0 ]
Stop - Result: [ 0.0  15.0  12.0  12.0  16.0  16.0  0.0  0.0  0.0  0.0  0.0 ]
Resultado 2.0 [ 0.0  15.0  12.0  12.0  16.0  16.0  0.0  0.0  0.0  0.0  0.0 ] 
Fim behavior 2

Melhor Comportamento: 0
Metrics stop!


------------------------------------

Inicio behavior 0
Stop - Start: [ 255.0  243.0  235.0  239.0  239.0  239.0  0.0  0.0  0.0  0.0  0.0 ]
Stop - Stop: [ 255.0  227.0  226.0  226.0  222.0  220.0  0.0  0.0  0.0  0.0  0.0 ]
Stop - Result: [ 0.0  16.0  9.0  13.0  17.0  19.0  0.0  0.0  0.0  0.0  0.0 ]
Resultado 0.0 [ 0.0  16.0  9.0  13.0  17.0  19.0  0.0  0.0  0.0  0.0  0.0 ] 
Fim behavior 0

Inicio behavior 1
Stop - Start: [ 255.0  223.0  222.0  221.0  217.0  215.0  0.0  0.0  0.0  0.0  0.0 ]
Stop - Stop: [ 255.0  210.0  206.0  203.0  203.0  200.0  0.0  0.0  0.0  0.0  0.0 ]
Stop - Result: [ 0.0  13.0  16.0  18.0  14.0  15.0  0.0  0.0  0.0  0.0  0.0 ]
Resultado 1.0 [ 0.0  13.0  16.0  18.0  14.0  15.0  0.0  0.0  0.0  0.0  0.0 ] 
Fim behavior 1

Inicio behavior 2
polling: 31.0 Limites: 32.0, 30.0 Mote: 2
polling: 31.0 Limites: 32.0, 30.0 Mote: 3
polling: 31.1 Limites: 32.1, 30.1 Mote: 4
polling: 31.1 Limites: 32.1, 30.1 Mote: 5
polling: 31.1 Limites: 32.1, 30.1 Mote: 6
Delete Alerta - DadoAlerta --------- 32.0

Alerta Deletado
polling: 32.0 Limites: 33.0, 31.0 Mote: 2
Delete Alerta - DadoAlerta --------- 32.0

Alerta Deletado
polling: 32.0 Limites: 33.0, 31.0 Mote: 3
Stop - Start: [ 255.0  206.0  202.0  198.0  199.0  194.0  0.0  0.0  0.0  0.0  0.0 ]
Stop - Stop: [ 255.0  191.0  190.0  187.0  183.0  179.0  0.0  0.0  0.0  0.0  0.0 ]
Stop - Result: [ 0.0  15.0  12.0  11.0  16.0  15.0  0.0  0.0  0.0  0.0  0.0 ]
Resultado 2.0 [ 0.0  15.0  12.0  11.0  16.0  15.0  0.0  0.0  0.0  0.0  0.0 ] 
Fim behavior 2

Melhor Comportamento: 2
---------------------------

Inicio behavior 0
Stop - Start: [ 255.0  243.0  235.0  239.0  239.0  239.0  0.0  0.0  0.0  0.0  0.0 ]
Stop - Stop: [ 255.0  227.0  226.0  226.0  222.0  220.0  0.0  0.0  0.0  0.0  0.0 ]
Stop - Result: [ 0.0  16.0  9.0  13.0  17.0  19.0  0.0  0.0  0.0  0.0  0.0 ]
Resultado 0.0 [ 0.0  16.0  9.0  13.0  17.0  19.0  0.0  0.0  0.0  0.0  0.0 ] 
Fim behavior 0

Inicio behavior 1
Stop - Start: [ 255.0  223.0  222.0  221.0  217.0  215.0  0.0  0.0  0.0  0.0  0.0 ]
Stop - Stop: [ 255.0  210.0  206.0  203.0  203.0  200.0  0.0  0.0  0.0  0.0  0.0 ]
Stop - Result: [ 0.0  13.0  16.0  18.0  14.0  15.0  0.0  0.0  0.0  0.0  0.0 ]
Resultado 1.0 [ 0.0  13.0  16.0  18.0  14.0  15.0  0.0  0.0  0.0  0.0  0.0 ] 
Fim behavior 1

Inicio behavior 2
polling: 31.0 Limites: 32.0, 30.0 Mote: 2
polling: 31.0 Limites: 32.0, 30.0 Mote: 3
polling: 31.1 Limites: 32.1, 30.1 Mote: 4
polling: 31.1 Limites: 32.1, 30.1 Mote: 5
polling: 31.1 Limites: 32.1, 30.1 Mote: 6
Delete Alerta - DadoAlerta --------- 32.0

Alerta Deletado
polling: 32.0 Limites: 33.0, 31.0 Mote: 3
Delete Alerta - DadoAlerta --------- 32.0

Alerta Deletado
polling: 32.0 Limites: 33.0, 31.0 Mote: 2
Stop - Start: [ 255.0  206.0  202.0  198.0  199.0  194.0  0.0  0.0  0.0  0.0  0.0 ]
Stop - Stop: [ 255.0  191.0  190.0  187.0  183.0  179.0  0.0  0.0  0.0  0.0  0.0 ]
Stop - Result: [ 0.0  15.0  12.0  11.0  16.0  15.0  0.0  0.0  0.0  0.0  0.0 ]
Resultado 2.0 [ 0.0  15.0  12.0  11.0  16.0  15.0  0.0  0.0  0.0  0.0  0.0 ] 
Fim behavior 2

Melhor Comportamento: 2

--------------------------------

Inicio behavior 0
Stop - Start: [ 255.0  243.0  235.0  239.0  239.0  239.0  0.0  0.0  0.0  0.0  0.0 ]
Stop - Stop: [ 255.0  227.0  226.0  226.0  226.0  220.0  0.0  0.0  0.0  0.0  0.0 ]
Stop - Result: [ 0.0  16.0  9.0  13.0  13.0  19.0  0.0  0.0  0.0  0.0  0.0 ]
Resultado 0.0 [ 0.0  16.0  9.0  13.0  13.0  19.0  0.0  0.0  0.0  0.0  0.0 ] 
Metrics stop!
Fim behavior 0

Inicio behavior 1
Stop - Start: [ 255.0  223.0  222.0  221.0  217.0  215.0  0.0  0.0  0.0  0.0  0.0 ]
Stop - Stop: [ 255.0  211.0  205.0  203.0  203.0  200.0  0.0  0.0  0.0  0.0  0.0 ]
Stop - Result: [ 0.0  12.0  17.0  18.0  14.0  15.0  0.0  0.0  0.0  0.0  0.0 ]
Resultado 1.0 [ 0.0  12.0  17.0  18.0  14.0  15.0  0.0  0.0  0.0  0.0  0.0 ] 
Fim behavior 1

Inicio behavior 2
polling: 31.1 Limites: 32.1, 30.1 Mote: 2
polling: 31.0 Limites: 32.0, 30.0 Mote: 3
polling: 31.1 Limites: 32.1, 30.1 Mote: 4
polling: 31.1 Limites: 32.1, 30.1 Mote: 5
polling: 31.1 Limites: 32.1, 30.1 Mote: 6
Delete Alerta - DadoAlerta --------- 32.0

Alerta Deletado
polling: 32.0 Limites: 33.0, 31.0 Mote: 3
Stop - Start: [ 255.0  206.0  201.0  198.0  199.0  194.0  0.0  0.0  0.0  0.0  0.0 ]
Stop - Stop: [ 255.0  191.0  190.0  187.0  183.0  179.0  0.0  0.0  0.0  0.0  0.0 ]
Stop - Result: [ 0.0  15.0  11.0  11.0  16.0  15.0  0.0  0.0  0.0  0.0  0.0 ]
Resultado 2.0 [ 0.0  15.0  11.0  11.0  16.0  15.0  0.0  0.0  0.0  0.0  0.0 ] 
Fim behavior 2

Melhor Comportamento: 2

-----------------------------------------------------

Inicio behavior 0
Stop - Start: [ 255.0  243.0  239.0  239.0  239.0  239.0  0.0  0.0  0.0  0.0  0.0 ]
Stop - Stop: [ 255.0  227.0  227.0  226.0  226.0  220.0  0.0  0.0  0.0  0.0  0.0 ]
Stop - Result: [ 0.0  16.0  12.0  13.0  13.0  19.0  0.0  0.0  0.0  0.0  0.0 ]
Resultado 0.0 [ 0.0  16.0  12.0  13.0  13.0  19.0  0.0  0.0  0.0  0.0  0.0 ] 
Metrics stop!
Fim behavior 0

Inicio behavior 1
Stop - Start: [ 255.0  223.0  223.0  221.0  217.0  215.0  0.0  0.0  0.0  0.0  0.0 ]
Stop - Stop: [ 255.0  210.0  207.0  203.0  203.0  200.0  0.0  0.0  0.0  0.0  0.0 ]
Stop - Result: [ 0.0  13.0  16.0  18.0  14.0  15.0  0.0  0.0  0.0  0.0  0.0 ]
Resultado 1.0 [ 0.0  13.0  16.0  18.0  14.0  15.0  0.0  0.0  0.0  0.0  0.0 ] 
Fim behavior 1

Inicio behavior 2
polling: 31.0 Limites: 32.0, 30.0 Mote: 2
polling: 31.1 Limites: 32.1, 30.1 Mote: 3
polling: 31.1 Limites: 32.1, 30.1 Mote: 4
polling: 31.1 Limites: 32.1, 30.1 Mote: 5
polling: 31.1 Limites: 32.1, 30.1 Mote: 6
Delete Alerta - DadoAlerta --------- 32.0

Alerta Deletado
polling: 32.0 Limites: 33.0, 31.0 Mote: 2
Stop - Start: [ 255.0  206.0  203.0  198.0  199.0  195.0  0.0  0.0  0.0  0.0  0.0 ]
Stop - Stop: [ 255.0  191.0  195.0  187.0  183.0  179.0  0.0  0.0  0.0  0.0  0.0 ]
Stop - Result: [ 0.0  15.0  8.0  11.0  16.0  16.0  0.0  0.0  0.0  0.0  0.0 ]
Resultado 2.0 [ 0.0  15.0  8.0  11.0  16.0  16.0  0.0  0.0  0.0  0.0  0.0 ] 
Fim behavior 2

Melhor Comportamento: 2

--------------------------------

Inicio behavior 0
Stop - Start: [ 255.0  243.0  235.0  239.0  239.0  239.0  0.0  0.0  0.0  0.0  0.0 ]
Stop - Stop: [ 255.0  227.0  226.0  226.0  226.0  221.0  0.0  0.0  0.0  0.0  0.0 ]
Stop - Result: [ 0.0  16.0  9.0  13.0  13.0  18.0  0.0  0.0  0.0  0.0  0.0 ]
Resultado 0.0 [ 0.0  16.0  9.0  13.0  13.0  18.0  0.0  0.0  0.0  0.0  0.0 ] 
Metrics stop!
Fim behavior 0

Inicio behavior 1
Stop - Start: [ 255.0  223.0  218.0  221.0  217.0  215.0  0.0  0.0  0.0  0.0  0.0 ]
Stop - Stop: [ 255.0  210.0  206.0  202.0  204.0  200.0  0.0  0.0  0.0  0.0  0.0 ]
Stop - Result: [ 0.0  13.0  12.0  19.0  13.0  15.0  0.0  0.0  0.0  0.0  0.0 ]
Resultado 1.0 [ 0.0  13.0  12.0  19.0  13.0  15.0  0.0  0.0  0.0  0.0  0.0 ] 
Fim behavior 1

Inicio behavior 2
polling: 31.1 Limites: 32.1, 30.1 Mote: 2
polling: 31.1 Limites: 32.1, 30.1 Mote: 3
polling: 31.0 Limites: 32.0, 30.0 Mote: 4
polling: 31.1 Limites: 32.1, 30.1 Mote: 5
polling: 31.1 Limites: 32.1, 30.1 Mote: 6
Delete Alerta - DadoAlerta --------- 32.0

Alerta Deletado
polling: 32.0 Limites: 33.0, 31.0 Mote: 4
Stop - Start: [ 255.0  206.0  202.0  198.0  199.0  195.0  0.0  0.0  0.0  0.0  0.0 ]
Stop - Stop: [ 255.0  191.0  190.0  186.0  184.0  179.0  0.0  0.0  0.0  0.0  0.0 ]
Stop - Result: [ 0.0  15.0  12.0  12.0  15.0  16.0  0.0  0.0  0.0  0.0  0.0 ]
Resultado 2.0 [ 0.0  15.0  12.0  12.0  15.0  16.0  0.0  0.0  0.0  0.0  0.0 ] 
Fim behavior 2

Melhor Comportamento: 0
----------------------------------

Inicio behavior 0
Stop - Start: [ 255.0  243.0  239.0  239.0  239.0  239.0  0.0  0.0  0.0  0.0  0.0 ]
Stop - Stop: [ 255.0  227.0  226.0  226.0  226.0  220.0  0.0  0.0  0.0  0.0  0.0 ]
Stop - Result: [ 0.0  16.0  13.0  13.0  13.0  19.0  0.0  0.0  0.0  0.0  0.0 ]
Resultado 0.0 [ 0.0  16.0  13.0  13.0  13.0  19.0  0.0  0.0  0.0  0.0  0.0 ] 
Metrics stop!
Fim behavior 0

Inicio behavior 1
Stop - Start: [ 255.0  223.0  222.0  221.0  217.0  215.0  0.0  0.0  0.0  0.0  0.0 ]
Stop - Stop: [ 255.0  211.0  206.0  203.0  203.0  200.0  0.0  0.0  0.0  0.0  0.0 ]
Stop - Result: [ 0.0  12.0  16.0  18.0  14.0  15.0  0.0  0.0  0.0  0.0  0.0 ]
Resultado 1.0 [ 0.0  12.0  16.0  18.0  14.0  15.0  0.0  0.0  0.0  0.0  0.0 ] 
Fim behavior 1

Inicio behavior 2
polling: 31.1 Limites: 32.1, 30.1 Mote: 2
polling: 31.0 Limites: 32.0, 30.0 Mote: 3
polling: 31.0 Limites: 32.0, 30.0 Mote: 4
polling: 31.1 Limites: 32.1, 30.1 Mote: 5
polling: 31.1 Limites: 32.1, 30.1 Mote: 6
Delete Alerta - DadoAlerta --------- 32.0

Alerta Deletado
polling: 32.0 Limites: 33.0, 31.0 Mote: 4
Delete Alerta - DadoAlerta --------- 32.0

Alerta Deletado
polling: 32.0 Limites: 33.0, 31.0 Mote: 3
Stop - Start: [ 255.0  206.0  202.0  198.0  198.0  195.0  0.0  0.0  0.0  0.0  0.0 ]
Stop - Stop: [ 255.0  191.0  190.0  187.0  183.0  179.0  0.0  0.0  0.0  0.0  0.0 ]
Stop - Result: [ 0.0  15.0  12.0  11.0  15.0  16.0  0.0  0.0  0.0  0.0  0.0 ]
Resultado 2.0 [ 0.0  15.0  12.0  11.0  15.0  16.0  0.0  0.0  0.0  0.0  0.0 ] 
Fim behavior 2

Melhor Comportamento: 2

--------------------------------

Inicio behavior 0
Stop - Start: [ 255.0  243.0  239.0  239.0  239.0  238.0  0.0  0.0  0.0  0.0  0.0 ]
Stop - Stop: [ 255.0  227.0  226.0  226.0  222.0  220.0  0.0  0.0  0.0  0.0  0.0 ]
Stop - Result: [ 0.0  16.0  13.0  13.0  17.0  18.0  0.0  0.0  0.0  0.0  0.0 ]
Resultado 0.0 [ 0.0  16.0  13.0  13.0  17.0  18.0  0.0  0.0  0.0  0.0  0.0 ] 
Fim behavior 0

Inicio behavior 1
Stop - Start: [ 255.0  222.0  222.0  221.0  217.0  215.0  0.0  0.0  0.0  0.0  0.0 ]
Stop - Stop: [ 255.0  210.0  206.0  203.0  203.0  200.0  0.0  0.0  0.0  0.0  0.0 ]
Stop - Result: [ 0.0  12.0  16.0  18.0  14.0  15.0  0.0  0.0  0.0  0.0  0.0 ]
Resultado 1.0 [ 0.0  12.0  16.0  18.0  14.0  15.0  0.0  0.0  0.0  0.0  0.0 ] 
Fim behavior 1

Inicio behavior 2
polling: 31.0 Limites: 32.0, 30.0 Mote: 2
polling: 31.0 Limites: 32.0, 30.0 Mote: 3
polling: 31.1 Limites: 32.1, 30.1 Mote: 4
polling: 31.1 Limites: 32.1, 30.1 Mote: 5
polling: 31.0 Limites: 32.0, 30.0 Mote: 6
Delete Alerta - DadoAlerta --------- 32.0

Alerta Deletado
polling: 32.0 Limites: 33.0, 31.0 Mote: 3
Delete Alerta - DadoAlerta --------- 32.0

Alerta Deletado
polling: 32.0 Limites: 33.0, 31.0 Mote: 2
Delete Alerta - DadoAlerta --------- 32.0

Alerta Deletado
polling: 32.0 Limites: 33.0, 31.0 Mote: 6
Stop - Start: [ 255.0  206.0  202.0  198.0  198.0  194.0  0.0  0.0  0.0  0.0  0.0 ]
Stop - Stop: [ 255.0  191.0  190.0  187.0  183.0  179.0  0.0  0.0  0.0  0.0  0.0 ]
Stop - Result: [ 0.0  15.0  12.0  11.0  15.0  15.0  0.0  0.0  0.0  0.0  0.0 ]
Resultado 2.0 [ 0.0  15.0  12.0  11.0  15.0  15.0  0.0  0.0  0.0  0.0  0.0 ] 
Fim behavior 2

Melhor Comportamento: 2

----------------------------

Inicio behavior 0
Stop - Start: [ 255.0  243.0  239.0  239.0  239.0  239.0  0.0  0.0  0.0  0.0  0.0 ]
Stop - Stop: [ 255.0  227.0  227.0  225.0  222.0  220.0  0.0  0.0  0.0  0.0  0.0 ]
Stop - Result: [ 0.0  16.0  12.0  14.0  17.0  19.0  0.0  0.0  0.0  0.0  0.0 ]
Resultado 0.0 [ 0.0  16.0  12.0  14.0  17.0  19.0  0.0  0.0  0.0  0.0  0.0 ] 
Fim behavior 0

Inicio behavior 1
Stop - Start: [ 255.0  223.0  223.0  221.0  217.0  215.0  0.0  0.0  0.0  0.0  0.0 ]
Stop - Stop: [ 255.0  210.0  207.0  203.0  203.0  200.0  0.0  0.0  0.0  0.0  0.0 ]
Stop - Result: [ 0.0  13.0  16.0  18.0  14.0  15.0  0.0  0.0  0.0  0.0  0.0 ]
Resultado 1.0 [ 0.0  13.0  16.0  18.0  14.0  15.0  0.0  0.0  0.0  0.0  0.0 ] 
Fim behavior 1

Inicio behavior 2
polling: 31.1 Limites: 32.1, 30.1 Mote: 2
polling: 31.1 Limites: 32.1, 30.1 Mote: 3
polling: 31.1 Limites: 32.1, 30.1 Mote: 4
polling: 31.1 Limites: 32.1, 30.1 Mote: 5
polling: 31.0 Limites: 32.0, 30.0 Mote: 6
Delete Alerta - DadoAlerta --------- 32.0

Alerta Deletado
polling: 32.0 Limites: 33.0, 31.0 Mote: 6
Stop - Start: [ 255.0  206.0  203.0  198.0  198.0  195.0  0.0  0.0  0.0  0.0  0.0 ]
Stop - Stop: [ 255.0  191.0  191.0  187.0  183.0  179.0  0.0  0.0  0.0  0.0  0.0 ]
Stop - Result: [ 0.0  15.0  12.0  11.0  15.0  16.0  0.0  0.0  0.0  0.0  0.0 ]
Resultado 2.0 [ 0.0  15.0  12.0  11.0  15.0  16.0  0.0  0.0  0.0  0.0  0.0 ] 
Fim behavior 2

Melhor Comportamento: 2

------------------------------

Inicio behavior 0
Stop - Start: [ 255.0  243.0  239.0  239.0  239.0  239.0  0.0  0.0  0.0  0.0  0.0 ]
Stop - Stop: [ 255.0  227.0  226.0  226.0  225.0  220.0  0.0  0.0  0.0  0.0  0.0 ]
Stop - Result: [ 0.0  16.0  13.0  13.0  14.0  19.0  0.0  0.0  0.0  0.0  0.0 ]
Resultado 0.0 [ 0.0  16.0  13.0  13.0  14.0  19.0  0.0  0.0  0.0  0.0  0.0 ] 
Metrics stop!
Fim behavior 0

Inicio behavior 1
Stop - Start: [ 255.0  223.0  222.0  221.0  216.0  215.0  0.0  0.0  0.0  0.0  0.0 ]
Stop - Stop: [ 255.0  211.0  206.0  203.0  202.0  200.0  0.0  0.0  0.0  0.0  0.0 ]
Stop - Result: [ 0.0  12.0  16.0  18.0  14.0  15.0  0.0  0.0  0.0  0.0  0.0 ]
Resultado 1.0 [ 0.0  12.0  16.0  18.0  14.0  15.0  0.0  0.0  0.0  0.0  0.0 ] 
Fim behavior 1

Inicio behavior 2
polling: 31.1 Limites: 32.1, 30.1 Mote: 2
polling: 31.1 Limites: 32.1, 30.1 Mote: 3
polling: 31.0 Limites: 32.0, 30.0 Mote: 4
polling: 31.0 Limites: 32.0, 30.0 Mote: 5
polling: 31.1 Limites: 32.1, 30.1 Mote: 6
Delete Alerta - DadoAlerta --------- 32.0

Alerta Deletado
polling: 32.0 Limites: 33.0, 31.0 Mote: 5
Delete Alerta - DadoAlerta --------- 32.0

Alerta Deletado
polling: 32.0 Limites: 33.0, 31.0 Mote: 4
Stop - Start: [ 255.0  206.0  202.0  198.0  197.0  195.0  0.0  0.0  0.0  0.0  0.0 ]
Stop - Stop: [ 255.0  191.0  190.0  187.0  182.0  179.0  0.0  0.0  0.0  0.0  0.0 ]
Stop - Result: [ 0.0  15.0  12.0  11.0  15.0  16.0  0.0  0.0  0.0  0.0  0.0 ]
Resultado 2.0 [ 0.0  15.0  12.0  11.0  15.0  16.0  0.0  0.0  0.0  0.0  0.0 ] 
Fim behavior 2

Melhor Comportamento: 2

------------------------------------

Inicio behavior 0
Stop - Start: [ 255.0  243.0  239.0  239.0  239.0  239.0  0.0  0.0  0.0  0.0  0.0 ]
Stop - Stop: [ 255.0  227.0  227.0  226.0  221.0  220.0  0.0  0.0  0.0  0.0  0.0 ]
Stop - Result: [ 0.0  16.0  12.0  13.0  18.0  19.0  0.0  0.0  0.0  0.0  0.0 ]
Resultado 0.0 [ 0.0  16.0  12.0  13.0  18.0  19.0  0.0  0.0  0.0  0.0  0.0 ] 
Fim behavior 0

Inicio behavior 1
Stop - Start: [ 255.0  223.0  223.0  221.0  217.0  215.0  0.0  0.0  0.0  0.0  0.0 ]
Stop - Stop: [ 255.0  210.0  211.0  203.0  203.0  200.0  0.0  0.0  0.0  0.0  0.0 ]
Stop - Result: [ 0.0  13.0  12.0  18.0  14.0  15.0  0.0  0.0  0.0  0.0  0.0 ]
Resultado 1.0 [ 0.0  13.0  12.0  18.0  14.0  15.0  0.0  0.0  0.0  0.0  0.0 ] 
Fim behavior 1

Inicio behavior 2
polling: 31.0 Limites: 32.0, 30.0 Mote: 2
polling: 31.1 Limites: 32.1, 30.1 Mote: 3
polling: 31.1 Limites: 32.1, 30.1 Mote: 4
polling: 31.0 Limites: 32.0, 30.0 Mote: 5
polling: 31.0 Limites: 32.0, 30.0 Mote: 6
Delete Alerta - DadoAlerta --------- 32.0

Alerta Deletado
polling: 32.0 Limites: 33.0, 31.0 Mote: 2
Delete Alerta - DadoAlerta --------- 32.0

Alerta Deletado
polling: 32.0 Limites: 33.0, 31.0 Mote: 5
Delete Alerta - DadoAlerta --------- 32.0

Alerta Deletado
polling: 32.0 Limites: 33.0, 31.0 Mote: 6
Stop - Start: [ 255.0  206.0  203.0  198.0  198.0  194.0  0.0  0.0  0.0  0.0  0.0 ]
Stop - Stop: [ 255.0  191.0  191.0  187.0  183.0  179.0  0.0  0.0  0.0  0.0  0.0 ]
Stop - Result: [ 0.0  15.0  12.0  11.0  15.0  15.0  0.0  0.0  0.0  0.0  0.0 ]
Resultado 2.0 [ 0.0  15.0  12.0  11.0  15.0  15.0  0.0  0.0  0.0  0.0  0.0 ] 
Fim behavior 2

Melhor Comportamento: 2
----------------------------

Inicio behavior 0
Stop - Start: [ 255.0  243.0  235.0  239.0  239.0  239.0  0.0  0.0  0.0  0.0  0.0 ]
Stop - Stop: [ 255.0  227.0  226.0  226.0  226.0  220.0  0.0  0.0  0.0  0.0  0.0 ]
Stop - Result: [ 0.0  16.0  9.0  13.0  13.0  19.0  0.0  0.0  0.0  0.0  0.0 ]
Resultado 0.0 [ 0.0  16.0  9.0  13.0  13.0  19.0  0.0  0.0  0.0  0.0  0.0 ] 
Metrics stop!
Fim behavior 0

Inicio behavior 1
Stop - Start: [ 255.0  223.0  222.0  221.0  217.0  215.0  0.0  0.0  0.0  0.0  0.0 ]
Stop - Stop: [ 255.0  211.0  206.0  203.0  203.0  200.0  0.0  0.0  0.0  0.0  0.0 ]
Stop - Result: [ 0.0  12.0  16.0  18.0  14.0  15.0  0.0  0.0  0.0  0.0  0.0 ]
Resultado 1.0 [ 0.0  12.0  16.0  18.0  14.0  15.0  0.0  0.0  0.0  0.0  0.0 ] 
Fim behavior 1

Inicio behavior 2
polling: 31.1 Limites: 32.1, 30.1 Mote: 2
polling: 31.0 Limites: 32.0, 30.0 Mote: 3
polling: 31.1 Limites: 32.1, 30.1 Mote: 4
polling: 31.1 Limites: 32.1, 30.1 Mote: 5
polling: 31.1 Limites: 32.1, 30.1 Mote: 6
Delete Alerta - DadoAlerta --------- 32.0

Alerta Deletado
polling: 32.0 Limites: 33.0, 31.0 Mote: 3
Stop - Start: [ 255.0  206.0  202.0  198.0  199.0  194.0  0.0  0.0  0.0  0.0  0.0 ]
Stop - Stop: [ 255.0  191.0  194.0  187.0  183.0  179.0  0.0  0.0  0.0  0.0  0.0 ]
Stop - Result: [ 0.0  15.0  8.0  11.0  16.0  15.0  0.0  0.0  0.0  0.0  0.0 ]
Resultado 2.0 [ 0.0  15.0  8.0  11.0  16.0  15.0  0.0  0.0  0.0  0.0  0.0 ] 
Fim behavior 2

Melhor Comportamento: 2
---------------------------

Inicio behavior 0
Stop - Start: [ 255.0  243.0  239.0  239.0  239.0  239.0  0.0  0.0  0.0  0.0  0.0 ]
Stop - Stop: [ 255.0  227.0  227.0  226.0  221.0  220.0  0.0  0.0  0.0  0.0  0.0 ]
Stop - Result: [ 0.0  16.0  12.0  13.0  18.0  19.0  0.0  0.0  0.0  0.0  0.0 ]
Resultado 0.0 [ 0.0  16.0  12.0  13.0  18.0  19.0  0.0  0.0  0.0  0.0  0.0 ] 
Fim behavior 0

Inicio behavior 1
Stop - Start: [ 255.0  223.0  223.0  221.0  217.0  215.0  0.0  0.0  0.0  0.0  0.0 ]
Stop - Stop: [ 255.0  211.0  206.0  203.0  203.0  200.0  0.0  0.0  0.0  0.0  0.0 ]
Stop - Result: [ 0.0  12.0  17.0  18.0  14.0  15.0  0.0  0.0  0.0  0.0  0.0 ]
Resultado 1.0 [ 0.0  12.0  17.0  18.0  14.0  15.0  0.0  0.0  0.0  0.0  0.0 ] 
Fim behavior 1

Inicio behavior 2
polling: 31.1 Limites: 32.1, 30.1 Mote: 2
polling: 31.1 Limites: 32.1, 30.1 Mote: 3
polling: 31.0 Limites: 32.0, 30.0 Mote: 4
polling: 31.0 Limites: 32.0, 30.0 Mote: 5
polling: 31.1 Limites: 32.1, 30.1 Mote: 6
Delete Alerta - DadoAlerta --------- 32.0

Alerta Deletado
polling: 32.0 Limites: 33.0, 31.0 Mote: 5
Delete Alerta - DadoAlerta --------- 32.0

Alerta Deletado
polling: 32.0 Limites: 33.0, 31.0 Mote: 4
Stop - Start: [ 255.0  206.0  203.0  198.0  198.0  195.0  0.0  0.0  0.0  0.0  0.0 ]
Stop - Stop: [ 255.0  191.0  191.0  187.0  183.0  179.0  0.0  0.0  0.0  0.0  0.0 ]
Stop - Result: [ 0.0  15.0  12.0  11.0  15.0  16.0  0.0  0.0  0.0  0.0  0.0 ]
Resultado 2.0 [ 0.0  15.0  12.0  11.0  15.0  16.0  0.0  0.0  0.0  0.0  0.0 ] 
Fim behavior 2

Melhor Comportamento: 2
-------------------------------

Inicio behavior 0
Stop - Start: [ 255.0  243.0  239.0  239.0  239.0  239.0  0.0  0.0  0.0  0.0  0.0 ]
Stop - Stop: [ 255.0  227.0  226.0  226.0  226.0  220.0  0.0  0.0  0.0  0.0  0.0 ]
Stop - Result: [ 0.0  16.0  13.0  13.0  13.0  19.0  0.0  0.0  0.0  0.0  0.0 ]
Resultado 0.0 [ 0.0  16.0  13.0  13.0  13.0  19.0  0.0  0.0  0.0  0.0  0.0 ] 
Metrics stop!
Fim behavior 0

Inicio behavior 1
Stop - Start: [ 255.0  223.0  222.0  221.0  217.0  215.0  0.0  0.0  0.0  0.0  0.0 ]
Stop - Stop: [ 255.0  211.0  206.0  203.0  203.0  200.0  0.0  0.0  0.0  0.0  0.0 ]
Stop - Result: [ 0.0  12.0  16.0  18.0  14.0  15.0  0.0  0.0  0.0  0.0  0.0 ]
Resultado 1.0 [ 0.0  12.0  16.0  18.0  14.0  15.0  0.0  0.0  0.0  0.0  0.0 ] 
Fim behavior 1

Inicio behavior 2
polling: 31.1 Limites: 32.1, 30.1 Mote: 2
polling: 31.1 Limites: 32.1, 30.1 Mote: 3
polling: 31.0 Limites: 32.0, 30.0 Mote: 4
polling: 31.1 Limites: 32.1, 30.1 Mote: 5
polling: 31.1 Limites: 32.1, 30.1 Mote: 6
Delete Alerta - DadoAlerta --------- 32.0

Alerta Deletado
polling: 32.0 Limites: 33.0, 31.0 Mote: 4
Stop - Start: [ 255.0  206.0  202.0  198.0  198.0  195.0  0.0  0.0  0.0  0.0  0.0 ]
Stop - Stop: [ 255.0  191.0  190.0  187.0  183.0  179.0  0.0  0.0  0.0  0.0  0.0 ]
Stop - Result: [ 0.0  15.0  12.0  11.0  15.0  16.0  0.0  0.0  0.0  0.0  0.0 ]
Resultado 2.0 [ 0.0  15.0  12.0  11.0  15.0  16.0  0.0  0.0  0.0  0.0  0.0 ] 
Fim behavior 2

Melhor Comportamento: 2

----------------------------

Inicio behavior 0
Stop - Start: [ 255.0  243.0  239.0  239.0  239.0  239.0  0.0  0.0  0.0  0.0  0.0 ]
Stop - Stop: [ 255.0  227.0  227.0  226.0  221.0  220.0  0.0  0.0  0.0  0.0  0.0 ]
Stop - Result: [ 0.0  16.0  12.0  13.0  18.0  19.0  0.0  0.0  0.0  0.0  0.0 ]
Resultado 0.0 [ 0.0  16.0  12.0  13.0  18.0  19.0  0.0  0.0  0.0  0.0  0.0 ] 
Fim behavior 0

Inicio behavior 1
Stop - Start: [ 255.0  223.0  219.0  221.0  217.0  215.0  0.0  0.0  0.0  0.0  0.0 ]
Stop - Stop: [ 255.0  210.0  206.0  203.0  203.0  200.0  0.0  0.0  0.0  0.0  0.0 ]
Stop - Result: [ 0.0  13.0  13.0  18.0  14.0  15.0  0.0  0.0  0.0  0.0  0.0 ]
Resultado 1.0 [ 0.0  13.0  13.0  18.0  14.0  15.0  0.0  0.0  0.0  0.0  0.0 ] 
Fim behavior 1

Inicio behavior 2
polling: 31.0 Limites: 32.0, 30.0 Mote: 2
polling: 31.1 Limites: 32.1, 30.1 Mote: 3
polling: 31.1 Limites: 32.1, 30.1 Mote: 4
polling: 31.1 Limites: 32.1, 30.1 Mote: 5
polling: 31.0 Limites: 32.0, 30.0 Mote: 6
Delete Alerta - DadoAlerta --------- 32.0

Alerta Deletado
polling: 32.0 Limites: 33.0, 31.0 Mote: 2
Delete Alerta - DadoAlerta --------- 32.0

Alerta Deletado
polling: 32.0 Limites: 33.0, 31.0 Mote: 6
Stop - Start: [ 255.0  206.0  203.0  198.0  198.0  194.0  0.0  0.0  0.0  0.0  0.0 ]
Stop - Stop: [ 255.0  191.0  191.0  187.0  183.0  179.0  0.0  0.0  0.0  0.0  0.0 ]
Stop - Result: [ 0.0  15.0  12.0  11.0  15.0  15.0  0.0  0.0  0.0  0.0  0.0 ]
Resultado 2.0 [ 0.0  15.0  12.0  11.0  15.0  15.0  0.0  0.0  0.0  0.0  0.0 ] 
Fim behavior 2

Melhor Comportamento: 2
------------------------------------

Inicio behavior 0
Stop - Start: [ 255.0  243.0  243.0  239.0  239.0  239.0  0.0  0.0  0.0  0.0  0.0 ]
Stop - Stop: [ 255.0  227.0  227.0  226.0  225.0  220.0  0.0  0.0  0.0  0.0  0.0 ]
Stop - Result: [ 0.0  16.0  16.0  13.0  14.0  19.0  0.0  0.0  0.0  0.0  0.0 ]
Resultado 0.0 [ 0.0  16.0  16.0  13.0  14.0  19.0  0.0  0.0  0.0  0.0  0.0 ] 
Metrics stop!
Fim behavior 0

Inicio behavior 1
Stop - Start: [ 255.0  223.0  223.0  221.0  216.0  215.0  0.0  0.0  0.0  0.0  0.0 ]
Stop - Stop: [ 255.0  210.0  206.0  203.0  202.0  200.0  0.0  0.0  0.0  0.0  0.0 ]
Stop - Result: [ 0.0  13.0  17.0  18.0  14.0  15.0  0.0  0.0  0.0  0.0  0.0 ]
Resultado 1.0 [ 0.0  13.0  17.0  18.0  14.0  15.0  0.0  0.0  0.0  0.0  0.0 ] 
Fim behavior 1

Inicio behavior 2
polling: 31.0 Limites: 32.0, 30.0 Mote: 2
polling: 31.0 Limites: 32.0, 30.0 Mote: 3
polling: 31.1 Limites: 32.1, 30.1 Mote: 4
polling: 31.1 Limites: 32.1, 30.1 Mote: 5
polling: 31.1 Limites: 32.1, 30.1 Mote: 6
Delete Alerta - DadoAlerta --------- 32.0

Alerta Deletado
polling: 32.0 Limites: 33.0, 31.0 Mote: 2
Delete Alerta - DadoAlerta --------- 32.0

Alerta Deletado
polling: 32.0 Limites: 33.0, 31.0 Mote: 3
Stop - Start: [ 255.0  206.0  202.0  198.0  198.0  194.0  0.0  0.0  0.0  0.0  0.0 ]
Stop - Stop: [ 255.0  191.0  191.0  187.0  182.0  179.0  0.0  0.0  0.0  0.0  0.0 ]
Stop - Result: [ 0.0  15.0  11.0  11.0  16.0  15.0  0.0  0.0  0.0  0.0  0.0 ]
Resultado 2.0 [ 0.0  15.0  11.0  11.0  16.0  15.0  0.0  0.0  0.0  0.0  0.0 ] 
Fim behavior 2

Melhor Comportamento: 2

--------------------------------


Inicio behavior 0
Stop - Start: [ 255.0  243.0  239.0  239.0  239.0  239.0  0.0  0.0  0.0  0.0  0.0 ]
Stop - Stop: [ 255.0  227.0  227.0  226.0  222.0  220.0  0.0  0.0  0.0  0.0  0.0 ]
Stop - Result: [ 0.0  16.0  12.0  13.0  17.0  19.0  0.0  0.0  0.0  0.0  0.0 ]
Resultado 0.0 [ 0.0  16.0  12.0  13.0  17.0  19.0  0.0  0.0  0.0  0.0  0.0 ] 
Fim behavior 0

Inicio behavior 1
Stop - Start: [ 255.0  223.0  223.0  221.0  217.0  215.0  0.0  0.0  0.0  0.0  0.0 ]
Stop - Stop: [ 255.0  210.0  207.0  203.0  203.0  200.0  0.0  0.0  0.0  0.0  0.0 ]
Stop - Result: [ 0.0  13.0  16.0  18.0  14.0  15.0  0.0  0.0  0.0  0.0  0.0 ]
Resultado 1.0 [ 0.0  13.0  16.0  18.0  14.0  15.0  0.0  0.0  0.0  0.0  0.0 ] 
Fim behavior 1

Inicio behavior 2
polling: 31.0 Limites: 32.0, 30.0 Mote: 2
polling: 31.1 Limites: 32.1, 30.1 Mote: 3
polling: 31.1 Limites: 32.1, 30.1 Mote: 4
polling: 31.1 Limites: 32.1, 30.1 Mote: 5
polling: 31.1 Limites: 32.1, 30.1 Mote: 6
Delete Alerta - DadoAlerta --------- 32.0

Alerta Deletado
polling: 32.0 Limites: 33.0, 31.0 Mote: 2
Stop - Start: [ 255.0  206.0  203.0  198.0  199.0  195.0  0.0  0.0  0.0  0.0  0.0 ]
Stop - Stop: [ 255.0  191.0  191.0  187.0  183.0  179.0  0.0  0.0  0.0  0.0  0.0 ]
Stop - Result: [ 0.0  15.0  12.0  11.0  16.0  16.0  0.0  0.0  0.0  0.0  0.0 ]
Resultado 2.0 [ 0.0  15.0  12.0  11.0  16.0  16.0  0.0  0.0  0.0  0.0  0.0 ] 
Fim behavior 2

Melhor Comportamento: 2
--------------------------


Inicio behavior 0
Stop - Start: [ 255.0  243.0  243.0  243.0  239.0  239.0  0.0  0.0  0.0  0.0  0.0 ]
Stop - Stop: [ 255.0  226.0  227.0  225.0  226.0  224.0  0.0  0.0  0.0  0.0  0.0 ]
Stop - Result: [ 0.0  17.0  16.0  18.0  13.0  15.0  0.0  0.0  0.0  0.0  0.0 ]
Resultado 0.0 [ 0.0  17.0  16.0  18.0  13.0  15.0  0.0  0.0  0.0  0.0  0.0 ] 
Metrics stop!
Fim behavior 0

Inicio behavior 1
Stop - Start: [ 255.0  222.0  223.0  220.0  217.0  214.0  0.0  0.0  0.0  0.0  0.0 ]
Stop - Stop: [ 255.0  209.0  211.0  202.0  203.0  199.0  0.0  0.0  0.0  0.0  0.0 ]
Stop - Result: [ 0.0  13.0  12.0  18.0  14.0  15.0  0.0  0.0  0.0  0.0  0.0 ]
Resultado 1.0 [ 0.0  13.0  12.0  18.0  14.0  15.0  0.0  0.0  0.0  0.0  0.0 ] 
Metrics stop!
Fim behavior 1

Inicio behavior 2
polling: 31.0 Limites: 32.0, 30.0 Mote: 2
polling: 31.0 Limites: 32.0, 30.0 Mote: 3
polling: 31.1 Limites: 32.1, 30.1 Mote: 4
polling: 31.1 Limites: 32.1, 30.1 Mote: 5
polling: 31.1 Limites: 32.1, 30.1 Mote: 6
Delete Alerta - DadoAlerta --------- 32.0

Alerta Deletado
polling: 32.0 Limites: 33.0, 31.0 Mote: 3
Stop - Start: [ 255.0  205.0  203.0  198.0  198.0  194.0  0.0  0.0  0.0  0.0  0.0 ]
Stop - Stop: [ 255.0  190.0  191.0  186.0  183.0  178.0  0.0  0.0  0.0  0.0  0.0 ]
Stop - Result: [ 0.0  15.0  12.0  12.0  15.0  16.0  0.0  0.0  0.0  0.0  0.0 ]
Resultado 2.0 [ 0.0  15.0  12.0  12.0  15.0  16.0  0.0  0.0  0.0  0.0  0.0 ] 
Fim behavior 2

Melhor Comportamento: 2
---------------------------



Inicio behavior 0
Stop - Start: [ 255.0  243.0  239.0  239.0  239.0  239.0  0.0  0.0  0.0  0.0  0.0 ]
Stop - Stop: [ 255.0  227.0  226.0  226.0  225.0  220.0  0.0  0.0  0.0  0.0  0.0 ]
Stop - Result: [ 0.0  16.0  13.0  13.0  14.0  19.0  0.0  0.0  0.0  0.0  0.0 ]
Resultado 0.0 [ 0.0  16.0  13.0  13.0  14.0  19.0  0.0  0.0  0.0  0.0  0.0 ] 
Metrics stop!
Fim behavior 0

Inicio behavior 1
Stop - Start: [ 255.0  223.0  222.0  221.0  216.0  215.0  0.0  0.0  0.0  0.0  0.0 ]
Stop - Stop: [ 255.0  211.0  206.0  203.0  202.0  200.0  0.0  0.0  0.0  0.0  0.0 ]
Stop - Result: [ 0.0  12.0  16.0  18.0  14.0  15.0  0.0  0.0  0.0  0.0  0.0 ]
Resultado 1.0 [ 0.0  12.0  16.0  18.0  14.0  15.0  0.0  0.0  0.0  0.0  0.0 ] 
Fim behavior 1

Inicio behavior 2
polling: 31.1 Limites: 32.1, 30.1 Mote: 2
polling: 31.1 Limites: 32.1, 30.1 Mote: 3
polling: 31.0 Limites: 32.0, 30.0 Mote: 4
polling: 31.0 Limites: 32.0, 30.0 Mote: 5
polling: 31.1 Limites: 32.1, 30.1 Mote: 6
Delete Alerta - DadoAlerta --------- 32.0

Alerta Deletado
polling: 32.0 Limites: 33.0, 31.0 Mote: 5
Delete Alerta - DadoAlerta --------- 32.0

Alerta Deletado
polling: 32.0 Limites: 33.0, 31.0 Mote: 4
Stop - Start: [ 255.0  206.0  202.0  198.0  197.0  195.0  0.0  0.0  0.0  0.0  0.0 ]
Stop - Stop: [ 255.0  191.0  190.0  187.0  182.0  179.0  0.0  0.0  0.0  0.0  0.0 ]
Stop - Result: [ 0.0  15.0  12.0  11.0  15.0  16.0  0.0  0.0  0.0  0.0  0.0 ]
Resultado 2.0 [ 0.0  15.0  12.0  11.0  15.0  16.0  0.0  0.0  0.0  0.0  0.0 ] 
Fim behavior 2

Melhor Comportamento: 2
