TIMEOUT = 30

Resultado 0.0 [ 0.0  0.0 0.0     686.27 0.0  705.88 705.88 568.62 568.62 705.88 411.76] 
Resultado 1.0 [ 0.0  0.0 686.27  686.27 0.0  686.27 686.27 686.27 686.27 686.27 686.27] 
Resultado 2.0 [ 0.0  0.0 705.88  686.27 0.0  686.27 686.27 686.27 686.27 686.27 686.27] 
Melhor Comportamento: 0

Resultado 0.0 [ 0.0  0.0 686.27  686.27 0.0  705.88 705.88 705.88 705.88 705.88 705.88] 
Resultado 1.0 [ 0.0  0.0 549.01  686.27 0.0  686.27 686.27 686.27 549.01 686.27 411.76] 
Resultado 2.0 [ 0.0  0.0 549.01  686.27 0.0  686.27 274.51 686.27 137.25 686.27 254.90] 
Melhor Comportamento: 2

Resultado 0.0 [ 0.0  0.0 549.01 686.27 0.0  686.27 686.27 549.01 568.62 686.27 686.27] 
Resultado 1.0 [ 0.0  0.0 686.27 705.88 0.0  705.88 568.62 705.88 549.01 686.27 686.27] 
Resultado 2.0 [ 0.0  0.0 686.27 686.27 0.0  686.27 666.66 686.27 686.27 686.27 686.27] 
Melhor Comportamento: 0

TIMEOUT = 15

Resultado 0.0 [ 0.0  0.0 686.27 686.27 0.0  686.27 686.27 705.88 686.27 705.88 686.27] 
Resultado 1.0 [ 0.0  0.0 549.01 705.88 0.0  686.27 549.01 686.27 686.27 549.01 686.27] 
Resultado 2.0 [ 0.0  0.0 686.27 686.27 0.0  686.27 686.27 686.27 686.27 686.27 686.27] 
Melhor Comportamento: 1

Resultado 0.0 [ 0.0  0.0 549.01 686.27 0.0  686.27 686.27 549.01 686.27 705.88 549.01] 
Resultado 1.0 [ 0.0  0.0 549.01 705.88 0.0  549.01 686.27 686.27 549.01 686.27 686.27] 
Resultado 2.0 [ 0.0  0.0 686.27 686.27 0.0  686.27 686.27 686.27 686.27 686.27 686.27] 
Melhor Comportamento: 0

Resultado 0.0 [ 0.0  0.0  686.27 686.27 0.0  686.27 686.27 686.27 686.27 686.27 686.27] 
Resultado 1.0 [ 0.0  0.0  549.01 686.27 0.0  705.88 705.88 705.88 549.01 705.88 549.01] 
Resultado 2.0 [ 0.0  0.0  686.27 686.27 0.0  686.27 686.27 686.27 686.27 686.27 666.66] 
Melhor Comportamento: 1


