12 min - maxlevel = 500; TVOC

Stop - Result: [ 0.0  132.0  128.0  130.0  134.0  136.0  0.0  0.0  0.0  0.0  0.0 ]
Stop - Result: [ 0.0  132.0  132.0  136.0  134.0  138.0  0.0  0.0  0.0  0.0  0.0 ]
Stop - Result: [ 0.0  132.0  130.0  130.0  134.0  136.0  0.0  0.0  0.0  0.0  0.0 ]
Stop - Result: [ 0.0  132.0  132.0  132.0  134.0  137.0  0.0  0.0  0.0  0.0  0.0 ]
Stop - Result: [ 0.0  132.0  128.0  130.0  134.0  136.0  0.0  0.0  0.0  0.0  0.0 ]
Stop - Result: [ 0.0  132.0  127.0  130.0  134.0  136.0  0.0  0.0  0.0  0.0  0.0 ]
Stop - Result: [ 0.0  132.0  132.0  132.0  134.0  136.0  0.0  0.0  0.0  0.0  0.0 ]
Stop - Result: [ 0.0  132.0  127.0  130.0  134.0  136.0  0.0  0.0  0.0  0.0  0.0 ]
Stop - Result: [ 0.0  132.0  127.0  130.0  134.0  136.0  0.0  0.0  0.0  0.0  0.0 ]
Stop - Result: [ 0.0  132.0  128.0  130.0  134.0  136.0  0.0  0.0  0.0  0.0  0.0 ]
Stop - Result: [ 0.0  132.0  128.0  130.0  134.0  136.0  0.0  0.0  0.0  0.0  0.0 ]
Stop - Result: [ 0.0  132.0  128.0  130.0  134.0  136.0  0.0  0.0  0.0  0.0  0.0 ]
Stop - Result: [ 0.0  132.0  127.0  130.0  134.0  136.0  0.0  0.0  0.0  0.0  0.0 ]
Stop - Result: [ 0.0  132.0  132.0  132.0  134.0  136.0  0.0  0.0  0.0  0.0  0.0 ]
Stop - Result: [ 0.0  132.0  132.0  132.0  135.0  136.0  0.0  0.0  0.0  0.0  0.0 ]
Stop - Result: [ 0.0  132.0  128.0  130.0  134.0  136.0  0.0  0.0  0.0  0.0  0.0 ]
Stop - Result: [ 0.0  132.0  128.0  130.0  134.0  136.0  0.0  0.0  0.0  0.0  0.0 ]
Stop - Result: [ 0.0  132.0  128.0  130.0  134.0  136.0  0.0  0.0  0.0  0.0  0.0 ]
Stop - Result: [ 0.0  132.0  128.0  130.0  134.0  136.0  0.0  0.0  0.0  0.0  0.0 ]

12 min - maxlevel = 500; Temperatura

Stop - Result: [ 0.0  132.0  128.0  130.0  134.0  136.0  0.0  0.0  0.0  0.0  0.0 ]
Stop - Result: [ 0.0  132.0  128.0  130.0  134.0  136.0  0.0  0.0  0.0  0.0  0.0 ]
Stop - Result: [ 0.0  132.0  128.0  130.0  134.0  136.0  0.0  0.0  0.0  0.0  0.0 ]
Stop - Result: [ 0.0  132.0  128.0  130.0  134.0  136.0  0.0  0.0  0.0  0.0  0.0 ]
Stop - Result: [ 0.0  132.0  128.0  130.0  134.0  136.0  0.0  0.0  0.0  0.0  0.0 ]
Stop - Result: [ 0.0  132.0  132.0  132.0  134.0  136.0  0.0  0.0  0.0  0.0  0.0 ]
Stop - Result: [ 0.0  132.0  132.0  132.0  134.0  136.0  0.0  0.0  0.0  0.0  0.0 ]
Stop - Result: [ 0.0  132.0  134.0  130.0  135.0  136.0  0.0  0.0  0.0  0.0  0.0 ]
Stop - Result: [ 0.0  132.0  127.0  130.0  134.0  136.0  0.0  0.0  0.0  0.0  0.0 ]
Stop - Result: [ 0.0  132.0  130.0  130.0  136.0  136.0  0.0  0.0  0.0  0.0  0.0 ]
Stop - Result: [ 0.0  132.0  130.0  130.0  136.0  136.0  0.0  0.0  0.0  0.0  0.0 ]
Stop - Result: [ 0.0  132.0  128.0  130.0  134.0  136.0  0.0  0.0  0.0  0.0  0.0 ]
Stop - Result: [ 0.0  132.0  130.0  130.0  134.0  136.0  0.0  0.0  0.0  0.0  0.0 ]
Stop - Result: [ 0.0  132.0  130.0  130.0  134.0  136.0  0.0  0.0  0.0  0.0  0.0 ]

Stop - Result: [ 0.0  132.0  128.0  130.0  134.0  136.0  0.0  0.0  0.0  0.0  0.0 ]
Stop - Result: [ 0.0  132.0  128.0  130.0  134.0  136.0  0.0  0.0  0.0  0.0  0.0 ]
Stop - Result: [ 0.0  132.0  130.0  130.0  136.0  136.0  0.0  0.0  0.0  0.0  0.0 ]
Stop - Result: [ 0.0  132.0  128.0  130.0  134.0  136.0  0.0  0.0  0.0  0.0  0.0 ]
Stop - Result: [ 0.0  132.0  128.0  130.0  134.0  136.0  0.0  0.0  0.0  0.0  0.0 ]
Stop - Result: [ 0.0  132.0  128.0  130.0  134.0  136.0  0.0  0.0  0.0  0.0  0.0 ]
