12 min - maxlevel = 500; TVOC

Stop - Result: [ 0.0  132.0  128.0  132.0  136.0  139.0  0.0  0.0  0.0  0.0  0.0 ]
Stop - Result: [ 0.0  132.0  128.0  132.0  136.0  139.0  0.0  0.0  0.0  0.0  0.0 ]
Stop - Result: [ 0.0  132.0  128.0  132.0  136.0  139.0  0.0  0.0  0.0  0.0  0.0 ]
Stop - Result: [ 0.0  132.0  128.0  132.0  136.0  139.0  0.0  0.0  0.0  0.0  0.0 ]
Stop - Result: [ 0.0  132.0  128.0  132.0  136.0  139.0  0.0  0.0  0.0  0.0  0.0 ]
Stop - Result: [ 0.0  132.0  128.0  132.0  136.0  139.0  0.0  0.0  0.0  0.0  0.0 ]
Stop - Result: [ 0.0  132.0  128.0  132.0  136.0  139.0  0.0  0.0  0.0  0.0  0.0 ]
Stop - Result: [ 0.0  132.0  128.0  132.0  136.0  139.0  0.0  0.0  0.0  0.0  0.0 ]
Stop - Result: [ 0.0  132.0  132.0  132.0  136.0  139.0  0.0  0.0  0.0  0.0  0.0 ]
Stop - Result: [ 0.0  132.0  132.0  132.0  136.0  139.0  0.0  0.0  0.0  0.0  0.0 ]
Stop - Result: [ 0.0  132.0  132.0  136.0  136.0  140.0  0.0  0.0  0.0  0.0  0.0 ]
Stop - Result: [ 0.0  132.0  132.0  136.0  136.0  140.0  0.0  0.0  0.0  0.0  0.0 ]
Stop - Result: [ 0.0  132.0  132.0  132.0  136.0  139.0  0.0  0.0  0.0  0.0  0.0 ]
Stop - Result: [ 0.0  132.0  132.0  132.0  136.0  139.0  0.0  0.0  0.0  0.0  0.0 ]
Stop - Result: [ 0.0  132.0  128.0  132.0  136.0  139.0  0.0  0.0  0.0  0.0  0.0 ]

12 min - maxlevel = 500; Temperatura

Stop - Result: [ 0.0  129.0  132.0  136.0  132.0  136.0  0.0  0.0  0.0  0.0  0.0 ]
Stop - Result: [ 0.0  132.0  128.0  129.0  136.0  139.0  0.0  0.0  0.0  0.0  0.0 ]
Stop - Result: [ 0.0  132.0  132.0  136.0  136.0  139.0  0.0  0.0  0.0  0.0  0.0 ]
Stop - Result: [ 0.0  132.0  129.0  132.0  136.0  139.0  0.0  0.0  0.0  0.0  0.0 ]
Stop - Result: [ 0.0  132.0  132.0  132.0  136.0  139.0  0.0  0.0  0.0  0.0  0.0 ]
Stop - Result: [ 0.0  132.0  128.0  132.0  136.0  139.0  0.0  0.0  0.0  0.0  0.0 ]
Stop - Result: [ 0.0  132.0  132.0  132.0  136.0  139.0  0.0  0.0  0.0  0.0  0.0 ]
Stop - Result: [ 0.0  132.0  128.0  132.0  136.0  139.0  0.0  0.0  0.0  0.0  0.0 ]
Stop - Result: [ 0.0  132.0  128.0  132.0  136.0  139.0  0.0  0.0  0.0  0.0  0.0 ]
Stop - Result: [ 0.0  132.0  128.0  132.0  136.0  139.0  0.0  0.0  0.0  0.0  0.0 ]
Stop - Result: [ 0.0  132.0  132.0  136.0  132.0  140.0  0.0  0.0  0.0  0.0  0.0 ]
Stop - Result: [ 0.0  132.0  132.0  136.0  136.0  140.0  0.0  0.0  0.0  0.0  0.0 ]
Stop - Result: [ 0.0  132.0  128.0  132.0  136.0  139.0  0.0  0.0  0.0  0.0  0.0 ]
Stop - Result: [ 0.0  132.0  132.0  132.0  136.0  139.0  0.0  0.0  0.0  0.0  0.0 ]
Stop - Result: [ 0.0  132.0  129.0  132.0  136.0  139.0  0.0  0.0  0.0  0.0  0.0 ]
Stop - Result: [ 0.0  132.0  128.0  132.0  136.0  139.0  0.0  0.0  0.0  0.0  0.0 ]
Stop - Result: [ 0.0  132.0  128.0  132.0  136.0  139.0  0.0  0.0  0.0  0.0  0.0 ]
Stop - Result: [ 0.0  132.0  132.0  132.0  136.0  139.0  0.0  0.0  0.0  0.0  0.0 ]
Stop - Result: [ 0.0  132.0  129.0  132.0  136.0  139.0  0.0  0.0  0.0  0.0  0.0 ]
Stop - Result: [ 0.0  132.0  128.0  132.0  136.0  139.0  0.0  0.0  0.0  0.0  0.0 ]