12 min - maxlevel = 500; TVOC

Stop - Result: [ 0.0  131.0  127.0  129.0  132.0  133.0  0.0  0.0  0.0  0.0  0.0 ]
Stop - Result: [ 0.0  131.0  120.0  128.0  132.0  133.0  0.0  0.0  0.0  0.0  0.0 ]
Stop - Result: [ 0.0  131.0  124.0  128.0  128.0  133.0  0.0  0.0  0.0  0.0  0.0 ]
Stop - Result: [ 0.0  131.0  127.0  128.0  132.0  133.0  0.0  0.0  0.0  0.0  0.0 ]
Stop - Result: [ 0.0  131.0  127.0  128.0  132.0  133.0  0.0  0.0  0.0  0.0  0.0 ]
Stop - Result: [ 0.0  131.0  131.0  131.0  132.0  132.0  0.0  0.0  0.0  0.0  0.0 ]
Stop - Result: [ 0.0  132.0  127.0  129.0  131.0  134.0  0.0  0.0  0.0  0.0  0.0 ]
Stop - Result: [ 0.0  131.0  127.0  128.0  132.0  133.0  0.0  0.0  0.0  0.0  0.0 ]
Stop - Result: [ 0.0  131.0  132.0  128.0  132.0  133.0  0.0  0.0  0.0  0.0  0.0 ]
Stop - Result: [ 0.0  131.0  127.0  128.0  132.0  132.0  0.0  0.0  0.0  0.0  0.0 ]
Stop - Result: [ 0.0  131.0  127.0  127.0  132.0  132.0  0.0  0.0  0.0  0.0  0.0 ]
Stop - Result: [ 0.0  131.0  127.0  127.0  132.0  132.0  0.0  0.0  0.0  0.0  0.0 ]
Stop - Result: [ 0.0  131.0  127.0  128.0  133.0  133.0  0.0  0.0  0.0  0.0  0.0 ]
Stop - Result: [ 0.0  131.0  127.0  129.0  132.0  133.0  0.0  0.0  0.0  0.0  0.0 ]
Stop - Result: [ 0.0  131.0  131.0  132.0  132.0  132.0  0.0  0.0  0.0  0.0  0.0 ]
Stop - Result: [ 0.0  131.0  127.0  127.0  132.0  131.0  0.0  0.0  0.0  0.0  0.0 ]
Stop - Result: [ 0.0  131.0  127.0  127.0  132.0  132.0  0.0  0.0  0.0  0.0  0.0 ]
Stop - Result: [ 0.0  131.0  131.0  132.0  132.0  132.0  0.0  0.0  0.0  0.0  0.0 ]
Stop - Result: [ 0.0  131.0  127.0  127.0  132.0  132.0  0.0  0.0  0.0  0.0  0.0 ]
Stop - Result: [ 0.0  131.0  131.0  131.0  132.0  132.0  0.0  0.0  0.0  0.0  0.0 ]


12 MIN - MAXLEVA = 500; Temperatura

Stop - Result: [ 0.0  131.0  131.0  127.0  131.0  131.0  0.0  0.0  0.0  0.0  0.0 ]
Stop - Result: [ 0.0  131.0  128.0  127.0  131.0  131.0  0.0  0.0  0.0  0.0  0.0 ]
Stop - Result: [ 0.0  131.0  128.0  127.0  131.0  131.0  0.0  0.0  0.0  0.0  0.0 ]
Stop - Result: [ 0.0  131.0  128.0  127.0  131.0  131.0  0.0  0.0  0.0  0.0  0.0 ]
Stop - Result: [ 0.0  131.0  128.0  127.0  131.0  132.0  0.0  0.0  0.0  0.0  0.0 ]
Stop - Result: [ 0.0  131.0  128.0  127.0  131.0  131.0  0.0  0.0  0.0  0.0  0.0 ]
Stop - Result: [ 0.0  131.0  128.0  127.0  131.0  131.0  0.0  0.0  0.0  0.0  0.0 ]
Stop - Result: [ 0.0  131.0  128.0  127.0  131.0  131.0  0.0  0.0  0.0  0.0  0.0 ]
Stop - Result: [ 0.0  131.0  128.0  127.0  131.0  131.0  0.0  0.0  0.0  0.0  0.0 ]
Stop - Result: [ 0.0  131.0  128.0  127.0  131.0  131.0  0.0  0.0  0.0  0.0  0.0 ]
Stop - Result: [ 0.0  131.0  128.0  127.0  131.0  131.0  0.0  0.0  0.0  0.0  0.0 ]
Stop - Result: [ 0.0  131.0  128.0  127.0  131.0  131.0  0.0  0.0  0.0  0.0  0.0 ]
Stop - Result: [ 0.0  127.0  131.0  131.0  127.0  128.0  0.0  0.0  0.0  0.0  0.0 ]
Stop - Result: [ 0.0  131.0  131.0  127.0  131.0  131.0  0.0  0.0  0.0  0.0  0.0 ]
Stop - Result: [ 0.0  131.0  131.0  131.0  131.0  131.0  0.0  0.0  0.0  0.0  0.0 ]
Stop - Result: [ 0.0  131.0  131.0  131.0  131.0  131.0  0.0  0.0  0.0  0.0  0.0 ]
Stop - Result: [ 0.0  131.0  128.0  127.0  131.0  131.0  0.0  0.0  0.0  0.0  0.0 ]
Stop - Result: [ 0.0  131.0  128.0  127.0  131.0  131.0  0.0  0.0  0.0  0.0  0.0 ]
Stop - Result: [ 0.0  131.0  128.0  127.0  131.0  131.0  0.0  0.0  0.0  0.0  0.0 ]
Stop - Result: [ 0.0  131.0  128.0  127.0  131.0  131.0  0.0  0.0  0.0  0.0  0.0 ]
