Stop - Start: [ 255.0  243.0  235.0  239.0  239.0  239.0  0.0  0.0  0.0  0.0  0.0 ]
Stop - Stop: [ 255.0  223.0  223.0  217.0  217.0  216.0  0.0  0.0  0.0  0.0  0.0 ]
Stop - Result: [ 0.0  20.0  12.0  22.0  22.0  23.0  0.0  0.0  0.0  0.0  0.0 ]
Resultado 0.0 [ 0.0  20.0  12.0  22.0  22.0  23.0  0.0  0.0  0.0  0.0  0.0 ] 
Metrics stop!
Fim behavior 0

Inicio behavior 1
Stop - Start: [ 255.0  219.0  215.0  212.0  213.0  211.0  0.0  0.0  0.0  0.0  0.0 ]
Stop - Stop: [ 255.0  198.0  194.0  190.0  190.0  186.0  0.0  0.0  0.0  0.0  0.0 ]
Stop - Result: [ 0.0  21.0  21.0  22.0  23.0  25.0  0.0  0.0  0.0  0.0  0.0 ]
Resultado 1.0 [ 0.0  21.0  21.0  22.0  23.0  25.0  0.0  0.0  0.0  0.0  0.0 ] 
Fim behavior 1

Stop - Start: [ 255.0  194.0  190.0  185.0  185.0  180.0  0.0  0.0  0.0  0.0  0.0 ]
Stop - Stop: [ 255.0  175.0  170.0  165.0  164.0  159.0  0.0  0.0  0.0  0.0  0.0 ]
Stop - Result: [ 0.0  19.0  20.0  20.0  21.0  21.0  0.0  0.0  0.0  0.0  0.0 ]
Resultado 2.0 [ 0.0  19.0  20.0  20.0  21.0  21.0  0.0  0.0  0.0  0.0  0.0 ] 
Fim behavior 2

Melhor Comportamento: 0
Metrics stop!

-----------------------------

Inicio behavior 0
Stop - Start: [ 255.0  243.0  243.0  243.0  239.0  238.0  0.0  0.0  0.0  0.0  0.0 ]
Stop - Stop: [ 255.0  223.0  223.0  220.0  217.0  215.0  0.0  0.0  0.0  0.0  0.0 ]
Stop - Result: [ 0.0  20.0  20.0  23.0  22.0  23.0  0.0  0.0  0.0  0.0  0.0 ]
Resultado 0.0 [ 0.0  20.0  20.0  23.0  22.0  23.0  0.0  0.0  0.0  0.0  0.0 ] 
Fim behavior 0

Inicio behavior 1
Stop - Start: [ 255.0  218.0  219.0  215.0  212.0  209.0  0.0  0.0  0.0  0.0  0.0 ]
Stop - Stop: [ 255.0  198.0  198.0  192.0  189.0  184.0  0.0  0.0  0.0  0.0  0.0 ]
Stop - Result: [ 0.0  20.0  21.0  23.0  23.0  25.0  0.0  0.0  0.0  0.0  0.0 ]
Resultado 1.0 [ 0.0  20.0  21.0  23.0  23.0  25.0  0.0  0.0  0.0  0.0  0.0 ] 
Fim behavior 1

Inicio behavior 2
Stop - Start: [ 255.0  194.0  194.0  187.0  184.0  177.0  0.0  0.0  0.0  0.0  0.0 ]
Stop - Stop: [ 255.0  174.0  174.0  166.0  163.0  156.0  0.0  0.0  0.0  0.0  0.0 ]
Stop - Result: [ 0.0  20.0  20.0  21.0  21.0  21.0  0.0  0.0  0.0  0.0  0.0 ]
Resultado 2.0 [ 0.0  20.0  20.0  21.0  21.0  21.0  0.0  0.0  0.0  0.0  0.0 ] 
Fim behavior 2

Melhor Comportamento: 2
Metrics stop!

--------------------------------

Inicio behavior 0
Stop - Start: [ 255.0  243.0  243.0  239.0  239.0  239.0  0.0  0.0  0.0  0.0  0.0 ]
Stop - Stop: [ 255.0  223.0  223.0  220.0  217.0  216.0  0.0  0.0  0.0  0.0  0.0 ]
Stop - Result: [ 0.0  20.0  20.0  19.0  22.0  23.0  0.0  0.0  0.0  0.0  0.0 ]
Resultado 0.0 [ 0.0  20.0  20.0  19.0  22.0  23.0  0.0  0.0  0.0  0.0  0.0 ] 
Metrics stop!
Fim behavior 0

Inicio behavior 1
Stop - Start: [ 255.0  219.0  215.0  211.0  212.0  211.0  0.0  0.0  0.0  0.0  0.0 ]
Stop - Stop: [ 255.0  198.0  198.0  188.0  189.0  185.0  0.0  0.0  0.0  0.0  0.0 ]
Stop - Result: [ 0.0  21.0  17.0  23.0  23.0  26.0  0.0  0.0  0.0  0.0  0.0 ]
Resultado 1.0 [ 0.0  21.0  17.0  23.0  23.0  26.0  0.0  0.0  0.0  0.0  0.0 ] 
Metrics stop!
Fim behavior 1

Inicio behavior 2
Stop - Start: [ 255.0  194.0  190.0  183.0  184.0  180.0  0.0  0.0  0.0  0.0  0.0 ]
Stop - Stop: [ 255.0  174.0  171.0  162.0  164.0  157.0  0.0  0.0  0.0  0.0  0.0 ]
Stop - Result: [ 0.0  20.0  19.0  21.0  20.0  23.0  0.0  0.0  0.0  0.0  0.0 ]
Resultado 2.0 [ 0.0  20.0  19.0  21.0  20.0  23.0  0.0  0.0  0.0  0.0  0.0 ] 
Fim behavior 2

Melhor Comportamento: 2
Metrics stop!

--------------------------

Inicio behavior 0
Stop - Start: [ 255.0  243.0  243.0  238.0  239.0  238.0  0.0  0.0  0.0  0.0  0.0 ]
Stop - Stop: [ 255.0  223.0  223.0  220.0  217.0  215.0  0.0  0.0  0.0  0.0  0.0 ]
Stop - Result: [ 0.0  20.0  20.0  18.0  22.0  23.0  0.0  0.0  0.0  0.0  0.0 ]
Resultado 0.0 [ 0.0  20.0  20.0  18.0  22.0  23.0  0.0  0.0  0.0  0.0  0.0 ] 
Metrics stop!
Fim behavior 0

Inicio behavior 1
Stop - Start: [ 255.0  219.0  215.0  211.0  213.0  209.0  0.0  0.0  0.0  0.0  0.0 ]
Stop - Stop: [ 255.0  198.0  198.0  188.0  190.0  184.0  0.0  0.0  0.0  0.0  0.0 ]
Stop - Result: [ 0.0  21.0  17.0  23.0  23.0  25.0  0.0  0.0  0.0  0.0  0.0 ]
Resultado 1.0 [ 0.0  21.0  17.0  23.0  23.0  25.0  0.0  0.0  0.0  0.0  0.0 ] 
Metrics stop!
Fim behavior 1

Inicio behavior 2
Stop - Start: [ 255.0  194.0  190.0  182.0  185.0  178.0  0.0  0.0  0.0  0.0  0.0 ]
Stop - Stop: [ 255.0  174.0  170.0  162.0  164.0  155.0  0.0  0.0  0.0  0.0  0.0 ]
Stop - Result: [ 0.0  20.0  20.0  20.0  21.0  23.0  0.0  0.0  0.0  0.0  0.0 ]
Resultado 2.0 [ 0.0  20.0  20.0  20.0  21.0  23.0  0.0  0.0  0.0  0.0  0.0 ] 
Fim behavior 2

Melhor Comportamento: 0
----------------------------
Inicio behavior 0
Stop - Start: [ 255.0  243.0  239.0  238.0  239.0  239.0  0.0  0.0  0.0  0.0  0.0 ]
Stop - Stop: [ 255.0  223.0  219.0  217.0  217.0  216.0  0.0  0.0  0.0  0.0  0.0 ]
Stop - Result: [ 0.0  20.0  20.0  21.0  22.0  23.0  0.0  0.0  0.0  0.0  0.0 ]
Resultado 0.0 [ 0.0  20.0  20.0  21.0  22.0  23.0  0.0  0.0  0.0  0.0  0.0 ] 
Fim behavior 0

Inicio behavior 1
Stop - Start: [ 255.0  219.0  215.0  212.0  213.0  210.0  0.0  0.0  0.0  0.0  0.0 ]
Stop - Stop: [ 255.0  198.0  195.0  189.0  190.0  185.0  0.0  0.0  0.0  0.0  0.0 ]
Stop - Result: [ 0.0  21.0  20.0  23.0  23.0  25.0  0.0  0.0  0.0  0.0  0.0 ]
Resultado 1.0 [ 0.0  21.0  20.0  23.0  23.0  25.0  0.0  0.0  0.0  0.0  0.0 ] 
Fim behavior 1

Inicio behavior 2
Stop - Start: [ 255.0  194.0  190.0  183.0  185.0  180.0  0.0  0.0  0.0  0.0  0.0 ]
Stop - Stop: [ 255.0  174.0  171.0  163.0  164.0  158.0  0.0  0.0  0.0  0.0  0.0 ]
Stop - Result: [ 0.0  20.0  19.0  20.0  21.0  22.0  0.0  0.0  0.0  0.0  0.0 ]
Resultado 2.0 [ 0.0  20.0  19.0  20.0  21.0  22.0  0.0  0.0  0.0  0.0  0.0 ] 
Fim behavior 2

Melhor Comportamento: 2
Metrics stop!
-------------------

Inicio behavior 0
Stop - Start: [ 255.0  243.0  239.0  239.0  239.0  239.0  0.0  0.0  0.0  0.0  0.0 ]
Stop - Stop: [ 255.0  223.0  222.0  217.0  217.0  216.0  0.0  0.0  0.0  0.0  0.0 ]
Stop - Result: [ 0.0  20.0  17.0  22.0  22.0  23.0  0.0  0.0  0.0  0.0  0.0 ]
Resultado 0.0 [ 0.0  20.0  17.0  22.0  22.0  23.0  0.0  0.0  0.0  0.0  0.0 ] 
Metrics stop!
Fim behavior 0

Inicio behavior 1
Stop - Start: [ 255.0  219.0  213.0  212.0  213.0  211.0  0.0  0.0  0.0  0.0  0.0 ]
Stop - Stop: [ 255.0  198.0  193.0  189.0  190.0  185.0  0.0  0.0  0.0  0.0  0.0 ]
Stop - Result: [ 0.0  21.0  20.0  23.0  23.0  26.0  0.0  0.0  0.0  0.0  0.0 ]
Resultado 1.0 [ 0.0  21.0  20.0  23.0  23.0  26.0  0.0  0.0  0.0  0.0  0.0 ] 
Fim behavior 1

Inicio behavior 2
Stop - Start: [ 255.0  194.0  188.0  184.0  185.0  179.0  0.0  0.0  0.0  0.0  0.0 ]
Stop - Stop: [ 255.0  175.0  169.0  164.0  164.0  158.0  0.0  0.0  0.0  0.0  0.0 ]
Stop - Result: [ 0.0  19.0  19.0  20.0  21.0  21.0  0.0  0.0  0.0  0.0  0.0 ]
Resultado 2.0 [ 0.0  19.0  19.0  20.0  21.0  21.0  0.0  0.0  0.0  0.0  0.0 ] 
Fim behavior 2

Melhor Comportamento: 2
Metrics stop!
---------------------------------
Inicio behavior 0
Stop - Start: [ 255.0  243.0  239.0  239.0  239.0  239.0  0.0  0.0  0.0  0.0  0.0 ]
Stop - Stop: [ 255.0  223.0  219.0  217.0  217.0  216.0  0.0  0.0  0.0  0.0  0.0 ]
Stop - Result: [ 0.0  20.0  20.0  22.0  22.0  23.0  0.0  0.0  0.0  0.0  0.0 ]
Resultado 0.0 [ 0.0  20.0  20.0  22.0  22.0  23.0  0.0  0.0  0.0  0.0  0.0 ] 
Fim behavior 0

Inicio behavior 1
Stop - Start: [ 255.0  219.0  215.0  212.0  213.0  210.0  0.0  0.0  0.0  0.0  0.0 ]
Stop - Stop: [ 255.0  198.0  194.0  190.0  190.0  185.0  0.0  0.0  0.0  0.0  0.0 ]
Stop - Result: [ 0.0  21.0  21.0  22.0  23.0  25.0  0.0  0.0  0.0  0.0  0.0 ]
Resultado 1.0 [ 0.0  21.0  21.0  22.0  23.0  25.0  0.0  0.0  0.0  0.0  0.0 ] 
Fim behavior 1

Inicio behavior 2
Stop - Start: [ 255.0  194.0  190.0  184.0  185.0  179.0  0.0  0.0  0.0  0.0  0.0 ]
Stop - Stop: [ 255.0  174.0  170.0  164.0  164.0  157.0  0.0  0.0  0.0  0.0  0.0 ]
Stop - Result: [ 0.0  20.0  20.0  20.0  21.0  22.0  0.0  0.0  0.0  0.0  0.0 ]
Resultado 2.0 [ 0.0  20.0  20.0  20.0  21.0  22.0  0.0  0.0  0.0  0.0  0.0 ] 
Fim behavior 2

Melhor Comportamento: 2
Metrics stop!
---------------------

Inicio behavior 0
Stop - Start: [ 255.0  243.0  243.0  243.0  239.0  238.0  0.0  0.0  0.0  0.0  0.0 ]
Stop - Stop: [ 255.0  223.0  223.0  220.0  217.0  214.0  0.0  0.0  0.0  0.0  0.0 ]
Stop - Result: [ 0.0  20.0  20.0  23.0  22.0  24.0  0.0  0.0  0.0  0.0  0.0 ]
Resultado 0.0 [ 0.0  20.0  20.0  23.0  22.0  24.0  0.0  0.0  0.0  0.0  0.0 ] 
Metrics stop!
Fim behavior 0

Inicio behavior 1
Stop - Start: [ 255.0  219.0  215.0  211.0  212.0  208.0  0.0  0.0  0.0  0.0  0.0 ]
Stop - Stop: [ 255.0  198.0  198.0  188.0  190.0  183.0  0.0  0.0  0.0  0.0  0.0 ]
Stop - Result: [ 0.0  21.0  17.0  23.0  22.0  25.0  0.0  0.0  0.0  0.0  0.0 ]
Resultado 1.0 [ 0.0  21.0  17.0  23.0  22.0  25.0  0.0  0.0  0.0  0.0  0.0 ] 
Metrics stop!
Fim behavior 1

Inicio behavior 2
Stop - Start: [ 255.0  194.0  190.0  182.0  180.0  177.0  0.0  0.0  0.0  0.0  0.0 ]
Stop - Stop: [ 255.0  174.0  170.0  162.0  164.0  155.0  0.0  0.0  0.0  0.0  0.0 ]
Stop - Result: [ 0.0  20.0  20.0  20.0  16.0  22.0  0.0  0.0  0.0  0.0  0.0 ]
Resultado 2.0 [ 0.0  20.0  20.0  20.0  16.0  22.0  0.0  0.0  0.0  0.0  0.0 ] 
Fim behavior 2

Melhor Comportamento: 2
Metrics stop!
---------------------------
Inicio behavior 0
Stop - Start: [ 255.0  243.0  243.0  243.0  239.0  238.0  0.0  0.0  0.0  0.0  0.0 ]
Stop - Stop: [ 255.0  221.0  223.0  220.0  217.0  215.0  0.0  0.0  0.0  0.0  0.0 ]
Stop - Result: [ 0.0  22.0  20.0  23.0  22.0  23.0  0.0  0.0  0.0  0.0  0.0 ]
Resultado 0.0 [ 0.0  22.0  20.0  23.0  22.0  23.0  0.0  0.0  0.0  0.0  0.0 ] 
Fim behavior 0

Inicio behavior 1
Stop - Start: [ 255.0  217.0  219.0  216.0  212.0  209.0  0.0  0.0  0.0  0.0  0.0 ]
Stop - Stop: [ 255.0  197.0  198.0  193.0  190.0  184.0  0.0  0.0  0.0  0.0  0.0 ]
Stop - Result: [ 0.0  20.0  21.0  23.0  22.0  25.0  0.0  0.0  0.0  0.0  0.0 ]
Resultado 1.0 [ 0.0  20.0  21.0  23.0  22.0  25.0  0.0  0.0  0.0  0.0  0.0 ] 
Fim behavior 1

Inicio behavior 2
Stop - Start: [ 255.0  192.0  194.0  188.0  184.0  177.0  0.0  0.0  0.0  0.0  0.0 ]
Stop - Stop: [ 255.0  173.0  174.0  167.0  163.0  157.0  0.0  0.0  0.0  0.0  0.0 ]
Stop - Result: [ 0.0  19.0  20.0  21.0  21.0  20.0  0.0  0.0  0.0  0.0  0.0 ]
Resultado 2.0 [ 0.0  19.0  20.0  21.0  21.0  20.0  0.0  0.0  0.0  0.0  0.0 ] 
Fim behavior 2

Melhor Comportamento: 2
Metrics stop!
-----------------------------

Inicio behavior 0
Stop - Start: [ 255.0  243.0  239.0  239.0  239.0  239.0  0.0  0.0  0.0  0.0  0.0 ]
Stop - Stop: [ 255.0  223.0  222.0  217.0  217.0  216.0  0.0  0.0  0.0  0.0  0.0 ]
Stop - Result: [ 0.0  20.0  17.0  22.0  22.0  23.0  0.0  0.0  0.0  0.0  0.0 ]
Resultado 0.0 [ 0.0  20.0  17.0  22.0  22.0  23.0  0.0  0.0  0.0  0.0  0.0 ] 
Metrics stop!
Fim behavior 0

Inicio behavior 1
Stop - Start: [ 255.0  219.0  213.0  212.0  213.0  211.0  0.0  0.0  0.0  0.0  0.0 ]
Stop - Stop: [ 255.0  198.0  193.0  189.0  190.0  186.0  0.0  0.0  0.0  0.0  0.0 ]
Stop - Result: [ 0.0  21.0  20.0  23.0  23.0  25.0  0.0  0.0  0.0  0.0  0.0 ]
Resultado 1.0 [ 0.0  21.0  20.0  23.0  23.0  25.0  0.0  0.0  0.0  0.0  0.0 ] 
Fim behavior 1

Inicio behavior 2
Stop - Start: [ 255.0  194.0  189.0  184.0  185.0  180.0  0.0  0.0  0.0  0.0  0.0 ]
Stop - Stop: [ 255.0  175.0  170.0  164.0  166.0  158.0  0.0  0.0  0.0  0.0  0.0 ]
Stop - Result: [ 0.0  19.0  19.0  20.0  19.0  22.0  0.0  0.0  0.0  0.0  0.0 ]
Resultado 2.0 [ 0.0  19.0  19.0  20.0  19.0  22.0  0.0  0.0  0.0  0.0  0.0 ] 
Fim behavior 2

Melhor Comportamento: 2
Metrics stop!
----------------------------

Inicio behavior 0
Stop - Start: [ 255.0  243.0  239.0  239.0  239.0  239.0  0.0  0.0  0.0  0.0  0.0 ]
Stop - Stop: [ 255.0  223.0  217.0  217.0  217.0  216.0  0.0  0.0  0.0  0.0  0.0 ]
Stop - Result: [ 0.0  20.0  22.0  22.0  22.0  23.0  0.0  0.0  0.0  0.0  0.0 ]
Resultado 0.0 [ 0.0  20.0  22.0  22.0  22.0  23.0  0.0  0.0  0.0  0.0  0.0 ] 
Fim behavior 0

Inicio behavior 1
Stop - Start: [ 255.0  219.0  213.0  212.0  212.0  210.0  0.0  0.0  0.0  0.0  0.0 ]
Stop - Stop: [ 255.0  198.0  193.0  189.0  190.0  185.0  0.0  0.0  0.0  0.0  0.0 ]
Stop - Result: [ 0.0  21.0  20.0  23.0  22.0  25.0  0.0  0.0  0.0  0.0  0.0 ]
Resultado 1.0 [ 0.0  21.0  20.0  23.0  22.0  25.0  0.0  0.0  0.0  0.0  0.0 ] 
Fim behavior 1

Inicio behavior 2
Stop - Start: [ 255.0  194.0  188.0  184.0  185.0  180.0  0.0  0.0  0.0  0.0  0.0 ]
Stop - Stop: [ 255.0  174.0  169.0  164.0  164.0  158.0  0.0  0.0  0.0  0.0  0.0 ]
Stop - Result: [ 0.0  20.0  19.0  20.0  21.0  22.0  0.0  0.0  0.0  0.0  0.0 ]
Resultado 2.0 [ 0.0  20.0  19.0  20.0  21.0  22.0  0.0  0.0  0.0  0.0  0.0 ] 
Fim behavior 2

Melhor Comportamento: 2
Metrics stop!
------------------

Inicio behavior 0
Stop - Start: [ 255.0  243.0  239.0  243.0  239.0  239.0  0.0  0.0  0.0  0.0  0.0 ]
Stop - Stop: [ 255.0  222.0  223.0  221.0  217.0  215.0  0.0  0.0  0.0  0.0  0.0 ]
Stop - Result: [ 0.0  21.0  16.0  22.0  22.0  24.0  0.0  0.0  0.0  0.0  0.0 ]
Resultado 0.0 [ 0.0  21.0  16.0  22.0  22.0  24.0  0.0  0.0  0.0  0.0  0.0 ] 
Metrics stop!
Fim behavior 0

Inicio behavior 1
Stop - Start: [ 255.0  217.0  215.0  211.0  213.0  210.0  0.0  0.0  0.0  0.0  0.0 ]
Stop - Stop: [ 255.0  197.0  198.0  188.0  190.0  185.0  0.0  0.0  0.0  0.0  0.0 ]
Stop - Result: [ 0.0  20.0  17.0  23.0  23.0  25.0  0.0  0.0  0.0  0.0  0.0 ]
Resultado 1.0 [ 0.0  20.0  17.0  23.0  23.0  25.0  0.0  0.0  0.0  0.0  0.0 ] 
Metrics stop!
Fim behavior 1

Inicio behavior 2
Stop - Start: [ 255.0  193.0  190.0  183.0  185.0  178.0  0.0  0.0  0.0  0.0  0.0 ]
Stop - Stop: [ 255.0  173.0  170.0  163.0  164.0  156.0  0.0  0.0  0.0  0.0  0.0 ]
Stop - Result: [ 0.0  20.0  20.0  20.0  21.0  22.0  0.0  0.0  0.0  0.0  0.0 ]
Resultado 2.0 [ 0.0  20.0  20.0  20.0  21.0  22.0  0.0  0.0  0.0  0.0  0.0 ] 
Fim behavior 2

Melhor Comportamento: 2
Metrics stop!
---------------------
Inicio behavior 0
Stop - Start: [ 255.0  243.0  239.0  239.0  239.0  239.0  0.0  0.0  0.0  0.0  0.0 ]
Stop - Stop: [ 255.0  223.0  222.0  217.0  216.0  216.0  0.0  0.0  0.0  0.0  0.0 ]
Stop - Result: [ 0.0  20.0  17.0  22.0  23.0  23.0  0.0  0.0  0.0  0.0  0.0 ]
Resultado 0.0 [ 0.0  20.0  17.0  22.0  23.0  23.0  0.0  0.0  0.0  0.0  0.0 ] 
Metrics stop!
Fim behavior 0

Inicio behavior 1
Stop - Start: [ 255.0  219.0  213.0  212.0  211.0  211.0  0.0  0.0  0.0  0.0  0.0 ]
Stop - Stop: [ 255.0  198.0  197.0  189.0  189.0  186.0  0.0  0.0  0.0  0.0  0.0 ]
Stop - Result: [ 0.0  21.0  16.0  23.0  22.0  25.0  0.0  0.0  0.0  0.0  0.0 ]
Resultado 1.0 [ 0.0  21.0  16.0  23.0  22.0  25.0  0.0  0.0  0.0  0.0  0.0 ] 
Fim behavior 1

Inicio behavior 2
Stop - Start: [ 255.0  194.0  189.0  184.0  184.0  179.0  0.0  0.0  0.0  0.0  0.0 ]
Stop - Stop: [ 255.0  174.0  169.0  163.0  163.0  157.0  0.0  0.0  0.0  0.0  0.0 ]
Stop - Result: [ 0.0  20.0  20.0  21.0  21.0  22.0  0.0  0.0  0.0  0.0  0.0 ]
Resultado 2.0 [ 0.0  20.0  20.0  21.0  21.0  22.0  0.0  0.0  0.0  0.0  0.0 ] 
Fim behavior 2

Melhor Comportamento: 2
Metrics stop!
----------------
Inicio behavior 0
Stop - Start: [ 255.0  243.0  239.0  239.0  239.0  239.0  0.0  0.0  0.0  0.0  0.0 ]
Stop - Stop: [ 255.0  223.0  222.0  217.0  216.0  216.0  0.0  0.0  0.0  0.0  0.0 ]
Stop - Result: [ 0.0  20.0  17.0  22.0  23.0  23.0  0.0  0.0  0.0  0.0  0.0 ]
Resultado 0.0 [ 0.0  20.0  17.0  22.0  23.0  23.0  0.0  0.0  0.0  0.0  0.0 ] 
Metrics stop!
Fim behavior 0

Inicio behavior 1
Stop - Start: [ 255.0  219.0  213.0  212.0  211.0  211.0  0.0  0.0  0.0  0.0  0.0 ]
Stop - Stop: [ 255.0  198.0  193.0  189.0  188.0  186.0  0.0  0.0  0.0  0.0  0.0 ]
Stop - Result: [ 0.0  21.0  20.0  23.0  23.0  25.0  0.0  0.0  0.0  0.0  0.0 ]
Resultado 1.0 [ 0.0  21.0  20.0  23.0  23.0  25.0  0.0  0.0  0.0  0.0  0.0 ] 
Fim behavior 1

Inicio behavior 2
Stop - Start: [ 255.0  194.0  189.0  184.0  183.0  179.0  0.0  0.0  0.0  0.0  0.0 ]
Stop - Stop: [ 255.0  174.0  168.0  163.0  160.0  157.0  0.0  0.0  0.0  0.0  0.0 ]
Stop - Result: [ 0.0  20.0  21.0  21.0  23.0  22.0  0.0  0.0  0.0  0.0  0.0 ]
Resultado 2.0 [ 0.0  20.0  21.0  21.0  23.0  22.0  0.0  0.0  0.0  0.0  0.0 ] 
Fim behavior 2

Melhor Comportamento: 0
Metrics stop!
-------------------------
Inicio behavior 0
Stop - Start: [ 255.0  243.0  239.0  239.0  239.0  239.0  0.0  0.0  0.0  0.0  0.0 ]
Stop - Stop: [ 255.0  223.0  222.0  217.0  216.0  216.0  0.0  0.0  0.0  0.0  0.0 ]
Stop - Result: [ 0.0  20.0  17.0  22.0  23.0  23.0  0.0  0.0  0.0  0.0  0.0 ]
Resultado 0.0 [ 0.0  20.0  17.0  22.0  23.0  23.0  0.0  0.0  0.0  0.0  0.0 ] 
Metrics stop!
Fim behavior 0

Inicio behavior 1
Stop - Start: [ 255.0  219.0  213.0  212.0  211.0  211.0  0.0  0.0  0.0  0.0  0.0 ]
Stop - Stop: [ 255.0  198.0  193.0  189.0  189.0  186.0  0.0  0.0  0.0  0.0  0.0 ]
Stop - Result: [ 0.0  21.0  20.0  23.0  22.0  25.0  0.0  0.0  0.0  0.0  0.0 ]
Resultado 1.0 [ 0.0  21.0  20.0  23.0  22.0  25.0  0.0  0.0  0.0  0.0  0.0 ] 
Fim behavior 1

Inicio behavior 2
Stop - Start: [ 255.0  194.0  189.0  184.0  183.0  179.0  0.0  0.0  0.0  0.0  0.0 ]
Stop - Stop: [ 255.0  174.0  170.0  163.0  164.0  157.0  0.0  0.0  0.0  0.0  0.0 ]
Stop - Result: [ 0.0  20.0  19.0  21.0  19.0  22.0  0.0  0.0  0.0  0.0  0.0 ]
Resultado 2.0 [ 0.0  20.0  19.0  21.0  19.0  22.0  0.0  0.0  0.0  0.0  0.0 ] 
Fim behavior 2

Melhor Comportamento: 2
Metrics stop!
--------------------------
Inicio behavior 0
Stop - Start: [ 255.0  243.0  243.0  239.0  239.0  239.0  0.0  0.0  0.0  0.0  0.0 ]
Stop - Stop: [ 255.0  223.0  222.0  217.0  217.0  216.0  0.0  0.0  0.0  0.0  0.0 ]
Stop - Result: [ 0.0  20.0  21.0  22.0  22.0  23.0  0.0  0.0  0.0  0.0  0.0 ]
Resultado 0.0 [ 0.0  20.0  21.0  22.0  22.0  23.0  0.0  0.0  0.0  0.0  0.0 ] 
Metrics stop!
Fim behavior 0

Inicio behavior 1
Stop - Start: [ 255.0  219.0  213.0  212.0  212.0  210.0  0.0  0.0  0.0  0.0  0.0 ]
Stop - Stop: [ 255.0  198.0  193.0  189.0  189.0  185.0  0.0  0.0  0.0  0.0  0.0 ]
Stop - Result: [ 0.0  21.0  20.0  23.0  23.0  25.0  0.0  0.0  0.0  0.0  0.0 ]
Resultado 1.0 [ 0.0  21.0  20.0  23.0  23.0  25.0  0.0  0.0  0.0  0.0  0.0 ] 
Fim behavior 1

Inicio behavior 2
Stop - Start: [ 255.0  194.0  188.0  184.0  184.0  180.0  0.0  0.0  0.0  0.0  0.0 ]
Stop - Stop: [ 255.0  174.0  169.0  164.0  163.0  158.0  0.0  0.0  0.0  0.0  0.0 ]
Stop - Result: [ 0.0  20.0  19.0  20.0  21.0  22.0  0.0  0.0  0.0  0.0  0.0 ]
Resultado 2.0 [ 0.0  20.0  19.0  20.0  21.0  22.0  0.0  0.0  0.0  0.0  0.0 ] 
Fim behavior 2

Melhor Comportamento: 2
Metrics stop!
-------------------
